9.160000000000000000e+02 4.680000000000000000e+02
1.080000000000000000e+03 5.390000000000000000e+02
8.140000000000000000e+02 8.750000000000000000e+02
8.320000000000000000e+02 1.012000000000000000e+03
1.073000000000000000e+03 1.013000000000000000e+03
1.075000000000000000e+03 8.860000000000000000e+02
1.027000000000000000e+03 8.100000000000000000e+02
1.209000000000000000e+03 8.380000000000000000e+02
8.950000000000000000e+02 7.810000000000000000e+02
8.950000000000000000e+02 8.430000000000000000e+02
9.010000000000000000e+02 9.160000000000000000e+02
8.600000000000000000e+01 7.800000000000000000e+01
7.630000000000000000e+02 9.490000000000000000e+02
6.890000000000000000e+02 8.070000000000000000e+02
8.600000000000000000e+02 8.430000000000000000e+02
