1	102	1
1	61	2
2	69	3
3	77	4
4	90	5
5	93	6
6	106	7
7	108	8
8	117	9
9	129	10
9	96	11
10	107	12
11	120	13
11	83	14
12	96	15
13	108	16
13	70	17
14	74	18
15	83	19
16	92	20
17	105	21
18	110	22
18	78	23
19	82	24
20	88	25
21	97	26
22	109	27
23	114	28
24	123	29
25	131	30
26	143	31
27	150	32
28	158	33
29	168	34
30	181	35
31	192	36
31	157	37
32	169	38
33	174	39
34	182	40
35	193	41
36	203	42
37	211	43
38	220	44
38	187	45
39	198	46
40	211	47
41	223	48
41	184	49
42	197	50
43	209	51
44	212	52
45	218	53
45	186	54
46	199	55
47	208	56
48	219	57
49	226	58
50	237	59
51	249	60
52	249	61
53	251	62
54	263	63
55	269	64
56	273	65
57	279	66
58	292	67
59	305	68
60	316	69
61	328	70
62	340	71
63	352	72
64	364	73
65	370	74
65	337	75
66	348	76
67	356	77
68	368	78
69	380	79
70	391	80
71	402	81
72	411	82
73	418	83
74	422	84
75	420	85
76	432	86
77	445	87
78	453	88
79	465	89
80	469	90
81	470	91
82	480	92
83	492	93
84	493	94
85	503	95
86	507	96
87	520	97
88	532	98
89	544	99
89	507	100
89	473	101
90	485	102
90	452	103
91	464	104
92	471	105
93	475	106
94	486	107
94	451	108
95	464	109
96	476	110
97	486	111
98	498	112
99	501	113
100	512	114
100	477	115
101	489	116
102	496	117
103	508	118
104	513	119
104	477	120
105	489	121
105	448	122
106	461	123
106	417	124
106	383	125
107	393	126
108	406	127
109	418	128
110	430	129
110	395	130
111	407	131
112	420	132
113	426	133
114	435	134
115	445	135
116	457	136
117	467	137
118	477	138
119	489	139
119	456	140
120	464	141
121	475	142
122	483	143
123	492	144
124	499	145
125	512	146
126	524	147
126	491	148
126	458	149
127	465	150
128	471	151
128	431	152
129	444	153
130	454	154
131	460	155
132	465	156
133	477	157
134	484	158
135	496	159
135	461	160
136	470	161
137	476	162
138	488	163
139	489	164
140	501	165
141	514	166
142	524	167
142	478	168
142	441	169
142	408	170
142	375	171
143	387	172
144	399	173
144	366	174
145	375	175
146	371	176
147	383	177
148	395	178
149	401	179
150	414	180
151	426	181
152	435	182
153	447	183
154	457	184
154	424	185
155	434	186
156	443	187
157	455	188
158	466	189
159	475	190
160	479	191
161	484	192
162	497	193
163	499	194
164	511	195
164	476	196
165	486	197
166	496	198
167	509	199
168	521	200
169	527	201
170	540	202
171	546	203
172	558	204
172	525	205
173	538	206
174	545	207
174	504	208
175	513	209
176	525	210
177	536	211
178	546	212
178	511	213
179	517	214
180	530	215
180	494	216
181	501	217
182	507	218
183	520	219
184	533	220
185	532	221
186	544	222
187	555	223
188	568	224
189	580	225
190	593	226
191	603	227
192	610	228
193	616	229
194	629	230
195	641	231
196	646	232
197	658	233
198	663	234
199	673	235
199	633	236
199	600	237
199	561	238
199	529	239
200	541	240
201	553	241
202	564	242
202	528	243
203	537	244
204	545	245
204	509	246
205	521	247
206	528	248
207	540	249
208	547	250
209	551	251
210	561	252
211	570	253
212	583	254
213	596	255
214	598	256
215	605	257
216	614	258
217	626	259
217	590	260
217	555	261
218	560	262
218	526	263
218	493	264
219	503	265
219	467	266
220	478	267
221	480	268
222	489	269
223	498	270
224	498	271
225	505	272
225	472	273
225	439	274
225	402	275
226	411	276
227	419	277
228	432	278
229	444	279
229	410	280
230	422	281
231	431	282
232	443	283
233	455	284
233	423	285
234	435	286
235	444	287
236	454	288
237	459	289
237	425	290
238	437	291
239	449	292
240	461	293
241	473	294
242	485	295
243	498	296
244	511	297
244	476	298
245	489	299
246	496	300
247	502	301
248	514	302
249	526	303
250	535	304
251	544	305
252	553	306
253	549	307
254	562	308
255	574	309
255	534	310
256	540	311
257	542	312
258	555	313
259	564	314
260	573	315
261	585	316
262	593	317
263	606	318
264	612	319
265	620	320
266	629	321
267	641	322
268	654	323
269	664	324
270	677	325
271	685	326
272	680	327
273	690	328
273	654	329
274	663	330
275	671	331
276	682	332
277	692	333
277	651	334
278	664	335
279	670	336
279	637	337
280	650	338
280	617	339
281	629	340
282	642	341
283	648	342
283	606	343
284	618	344
285	629	345
285	597	346
286	609	347
287	607	348
287	574	349
287	536	350
288	537	351
289	547	352
290	556	353
291	568	354
292	581	355
293	592	356
294	599	357
295	611	358
295	578	359
296	590	360
297	603	361
297	571	362
298	578	363
299	589	364
299	550	365
300	562	366
300	527	367
301	537	368
302	546	369
303	554	370
304	566	371
305	577	372
306	586	373
307	598	374
307	552	375
308	564	376
309	576	377
310	588	378
311	601	379
311	568	380
311	535	381
311	499	382
312	502	383
313	512	384
314	521	385
314	483	386
315	490	387
316	498	388
317	506	389
318	518	390
318	484	391
319	497	392
320	506	393
320	474	394
321	483	395
322	488	396
323	497	397
324	505	398
325	517	399
326	519	400
327	529	401
328	541	402
329	553	403
329	517	404
330	524	405
330	491	406
331	502	407
331	456	408
332	469	409
332	437	410
333	449	411
334	459	412
335	471	413
335	436	414
336	445	415
337	458	416
338	468	417
339	481	418
340	493	419
341	505	420
342	517	421
343	529	422
344	538	423
345	537	424
346	549	425
347	558	426
348	567	427
349	579	428
350	592	429
351	596	430
352	608	431
353	621	432
354	632	433
355	644	434
355	611	435
356	622	436
357	632	437
358	645	438
359	654	439
360	664	440
361	677	441
362	687	442
363	700	443
364	712	444
365	724	445
365	682	446
365	646	447
365	610	448
366	619	449
366	584	450
367	596	451
367	561	452
368	574	453
368	538	454
369	549	455
370	558	456
371	560	457
371	527	458
372	537	459
373	550	460
373	517	461
374	520	462
375	530	463
375	492	464
376	492	465
377	499	466
378	511	467
379	523	468
380	535	469
381	548	470
382	559	471
383	570	472
383	530	473
383	492	474
384	501	475
385	513	476
386	525	477
387	530	478
388	541	479
389	553	480
390	565	481
390	532	482
391	543	483
392	542	484
393	555	485
393	519	486
394	530	487
395	541	488
396	553	489
397	565	490
398	578	491
399	588	492
400	601	493
401	613	494
401	578	495
402	590	496
403	601	497
403	559	498
404	570	499
405	583	500
406	587	501
406	553	502
406	518	503
407	527	504
407	483	505
407	448	506
408	461	507
408	426	508
409	432	509
410	444	510
411	456	511
412	462	512
413	464	513
413	431	514
413	392	515
413	352	516
414	361	517
415	370	518
416	381	519
416	346	520
417	359	521
418	369	522
419	376	523
420	388	524
420	349	525
421	361	526
421	326	527
422	339	528
423	343	529
424	353	530
425	359	531
426	365	532
427	374	533
428	375	534
429	385	535
430	395	536
431	407	537
432	416	538
433	428	539
433	393	540
434	403	541
435	415	542
435	383	543
436	396	544
436	364	545
437	377	546
437	341	547
438	350	548
439	362	549
439	325	550
440	337	551
440	296	552
441	309	553
442	322	554
442	281	555
443	292	556
444	303	557
444	271	558
445	280	559
446	284	560
447	292	561
447	248	562
448	258	563
449	270	564
450	281	565
450	242	566
451	255	567
452	268	568
453	280	569
454	292	570
454	251	571
455	262	572
456	272	573
457	284	574
458	296	575
459	308	576
460	321	577
461	331	578
462	344	579
463	357	580
463	318	581
464	331	582
464	293	583
465	305	584
465	273	585
466	285	586
466	249	587
467	261	588
468	268	589
468	231	590
469	244	591
470	252	592
470	220	593
471	228	594
471	192	595
472	201	596
473	211	597
474	217	598
475	229	599
476	238	600
477	251	601
478	263	602
478	230	603
479	239	604
480	252	605
480	218	606
481	230	607
482	236	608
483	247	609
484	259	610
485	271	611
486	279	612
487	287	613
488	296	614
489	308	615
490	314	616
491	326	617
492	338	618
493	349	619
494	359	620
495	368	621
496	380	622
497	378	623
498	388	624
499	396	625
500	408	626
501	410	627
501	367	628
502	379	629
503	392	630
504	403	631
505	407	632
506	413	633
506	376	634
507	388	635
508	397	636
509	395	637
510	405	638
511	399	639
511	366	640
512	375	641
513	384	642
514	396	643
514	363	644
514	322	645
515	326	646
515	293	647
516	305	648
517	313	649
518	325	650
518	292	651
519	304	652
520	316	653
520	281	654
521	286	655
521	245	656
522	251	657
523	255	658
523	222	659
524	234	660
525	246	661
526	250	662
526	215	663
527	224	664
528	233	665
529	242	666
530	254	667
531	265	668
531	233	669
532	243	670
533	255	671
534	265	672
535	277	673
536	290	674
537	299	675
537	263	676
538	272	677
539	283	678
540	290	679
541	303	680
542	315	681
543	324	682
544	334	683
545	347	684
546	353	685
547	359	686
548	371	687
549	380	688
550	392	689
551	393	690
551	335	691
551	292	692
552	298	693
553	306	694
553	273	695
554	285	696
554	250	697
555	262	698
556	272	699
557	274	700
557	238	701
558	251	702
558	214	703
559	227	704
560	235	705
561	248	706
562	261	707
563	270	708
564	283	709
565	295	710
566	307	711
567	318	712
567	283	713
568	295	714
569	301	715
570	310	716
571	322	717
572	335	718
572	294	719
573	307	720
573	271	721
574	284	722
575	290	723
576	300	724
576	267	725
577	277	726
578	289	727
579	300	728
580	312	729
580	279	730
581	282	731
582	294	732
583	307	733
584	320	734
585	333	735
586	339	736
586	290	737
587	302	738
588	315	739
589	327	740
590	339	741
591	351	742
592	360	743
593	367	744
594	379	745
595	392	746
596	405	747
597	417	748
597	370	749
598	378	750
599	390	751
600	402	752
601	414	753
602	420	754
603	424	755
604	437	756
605	445	757
606	453	758
607	465	759
608	477	760
608	441	761
609	441	762
610	452	763
610	418	764
611	425	765
612	437	766
613	446	767
614	455	768
615	467	769
616	479	770
617	491	771
618	500	772
618	468	773
619	477	774
619	436	775
620	446	776
621	458	777
622	467	778
623	480	779
623	447	780
623	414	781
624	424	782
624	392	783
625	404	784
626	416	785
627	429	786
628	438	787
629	450	788
630	459	789
631	471	790
632	483	791
633	492	792
634	503	793
635	512	794
636	524	795
637	536	796
638	548	797
639	558	798
640	569	799
641	582	800
642	594	801
643	606	802
644	607	803
645	617	804
646	625	805
646	592	806
647	604	807
648	613	808
649	624	809
650	635	810
651	636	811
652	645	812
653	649	813
654	661	814
655	673	815
656	685	816
657	696	817
658	708	818
659	717	819
660	730	820
660	697	821
661	709	822
662	713	823
662	681	824
663	691	825
664	704	826
665	714	827
666	725	828
666	684	829
666	651	830
667	659	831
667	626	832
667	591	833
668	603	834
669	616	835
670	623	836
671	632	837
672	644	838
673	656	839
674	662	840
674	629	841
675	640	842
676	649	843
677	658	844
678	661	845
679	674	846
680	679	847
680	642	848
681	655	849
681	614	850
682	624	851
682	590	852
683	589	853
684	601	854
685	613	855
686	621	856
687	634	857
688	643	858
689	656	859
690	668	860
690	635	861
691	644	862
692	657	863
693	669	864
694	678	865
695	682	866
696	694	867
697	696	868
698	709	869
698	671	870
698	639	871
699	650	872
700	661	873
700	615	874
701	627	875
702	638	876
703	649	877
704	661	878
705	674	879
705	642	880
706	652	881
706	616	882
707	628	883
708	638	884
709	650	885
710	657	886
710	616	887
711	628	888
712	638	889
713	650	890
714	660	891
715	669	892
716	680	893
716	639	894
717	652	895
718	656	896
719	665	897
719	629	898
719	593	899
720	604	900
720	571	901
721	583	902
722	595	903
723	605	904
724	609	905
725	622	906
726	633	907
727	645	908
728	657	909
729	666	910
730	672	911
731	685	912
732	690	913
732	656	914
732	623	915
733	632	916
734	644	917
735	642	918
736	654	919
737	666	920
737	633	921
738	644	922
739	648	923
740	650	924
741	663	925
742	671	926
742	637	927
743	647	928
743	611	929
743	568	930
744	581	931
745	588	932
746	591	933
747	603	934
747	568	935
747	530	936
748	542	937
749	546	938
750	555	939
750	511	940
751	516	941
752	526	942
753	535	943
754	544	944
755	555	945
755	522	946
756	533	947
757	536	948
757	498	949
758	511	950
759	521	951
759	488	952
760	484	953
760	445	954
760	412	955
761	414	956
762	421	957
763	434	958
765	444	959
765	411	960
766	422	961
767	428	962
768	432	963
769	445	964
769	413	965
770	423	966
771	432	967
771	399	968
771	367	969
772	379	970
773	392	971
774	396	972
775	402	973
776	414	974
777	426	975
777	392	976
778	403	977
779	410	978
779	368	979
780	379	980
781	391	981
782	400	982
783	413	983
784	426	984
785	439	985
786	452	986
786	414	987
786	381	988
788	375	989
789	401	990
790	411	991
791	423	992
792	431	993
793	440	994
794	437	995
795	449	996
795	414	997
796	426	998
797	438	999
798	450	1000
799	463	1001
800	476	1002
801	489	1003
802	480	1004
802	447	1005
802	410	1006
802	377	1007
803	385	1008
804	398	1009
805	410	1010
806	414	1011
807	423	1012
808	435	1013
809	433	1014
810	455	1015
811	429	1016
812	442	1017
813	448	1018
814	455	1019
815	468	1020
816	481	1021
817	487	1022
818	499	1023
819	512	1024
821	513	1025
822	523	1026
823	536	1027
824	548	1028
824	497	1029
825	508	1030
826	512	1031
827	524	1032
828	536	1033
828	500	1034
828	464	1035
829	465	1036
830	478	1037
830	437	1038
831	444	1039
832	451	1040
833	464	1041
834	477	1042
835	489	1043
836	502	1044
837	511	1045
838	524	1046
839	530	1047
840	541	1048
841	550	1049
842	560	1050
843	570	1051
844	582	1052
845	594	1053
845	562	1054
846	556	1055
847	568	1056
847	527	1057
848	537	1058
849	549	1059
850	561	1060
850	514	1061
851	523	1062
852	533	1063
853	542	1064
854	555	1065
855	562	1066
855	524	1067
856	536	1068
857	549	1069
857	514	1070
858	526	1071
859	537	1072
860	547	1073
861	560	1074
862	567	1075
862	520	1076
862	484	1077
863	488	1078
863	452	1079
864	464	1080
865	466	1081
866	479	1082
867	491	1083
868	504	1084
869	494	1085
870	506	1086
871	518	1087
872	525	1088
873	534	1089
874	546	1090
875	558	1091
875	515	1092
876	527	1093
877	540	1094
878	549	1095
879	561	1096
880	573	1097
880	534	1098
880	494	1099
881	501	1100
882	508	1101
882	469	1102
883	476	1103
884	486	1104
885	494	1105
886	503	1106
887	516	1107
888	528	1108
889	541	1109
889	501	1110
890	514	1111
890	482	1112
891	493	1113
892	499	1114
893	507	1115
894	516	1116
895	528	1117
896	536	1118
896	497	1119
897	509	1120
898	519	1121
899	532	1122
900	542	1123
901	554	1124
902	566	1125
903	578	1126
903	543	1127
904	555	1128
905	568	1129
906	577	1130
907	587	1131
908	599	1132
908	560	1133
908	525	1134
909	530	1135
910	541	1136
911	542	1137
911	510	1138
912	522	1139
913	529	1140
914	541	1141
914	508	1142
915	510	1143
915	477	1144
916	490	1145
917	502	1146
918	514	1147
919	526	1148
920	538	1149
921	537	1150
922	548	1151
923	560	1152
924	571	1153
925	572	1154
926	585	1155
927	596	1156
928	601	1157
929	613	1158
930	625	1159
931	638	1160
932	645	1161
933	658	1162
934	649	1163
935	661	1164
935	628	1165
936	628	1166
936	582	1167
937	595	1168
938	607	1169
939	608	1170
940	619	1171
940	584	1172
941	596	1173
942	606	1174
943	610	1175
943	577	1176
944	590	1177
945	600	1178
946	609	1179
947	622	1180
948	632	1181
949	642	1182
949	607	1183
950	614	1184
951	626	1185
951	593	1186
952	599	1187
953	611	1188
954	623	1189
955	636	1190
956	649	1191
956	613	1192
957	615	1193
958	627	1194
959	639	1195
960	648	1196
961	660	1197
962	673	1198
963	683	1199
964	690	1200
965	696	1201
966	709	1202
967	716	1203
967	683	1204
968	691	1205
969	698	1206
969	665	1207
970	678	1208
970	646	1209
970	613	1210
971	625	1211
971	584	1212
972	597	1213
973	609	1214
974	622	1215
974	588	1216
974	553	1217
975	563	1218
976	568	1219
977	580	1220
978	584	1221
979	590	1222
980	603	1223
981	601	1224
982	612	1225
983	616	1226
984	627	1227
985	640	1228
986	649	1229
987	661	1230
988	673	1231
989	685	1232
990	698	1233
991	703	1234
992	710	1235
993	723	1236
993	682	1237
994	688	1238
995	697	1239
995	663	1240
995	630	1241
996	636	1242
997	649	1243
998	658	1244
999	667	1245
1000	679	1246
1001	689	1247
1002	700	1248
1003	710	1249
1004	722	1250
1005	735	1251
1006	747	1252
1007	758	1253
1007	724	1254
1008	737	1255
1009	750	1256
1010	762	1257
1011	774	1258
1012	778	1259
1013	791	1260
1014	804	1261
1015	817	1262
1016	829	1263
1017	839	1264
1018	838	1265
1019	842	1266
1020	855	1267
1021	864	1268
1022	876	1269
1023	884	1270
1024	893	1271
1025	906	1272
1026	913	1273
1027	924	1274
1028	937	1275
1029	949	1276
1029	911	1277
1030	920	1278
1031	932	1279
1032	944	1280
1033	953	1281
1034	965	1282
1035	978	1283
1036	985	1284
1037	998	1285
1038	1002	1286
1039	1009	1287
1040	1011	1288
1041	1020	1289
1042	1029	1290
1043	1035	1291
1044	1046	1292
1045	1057	1293
1046	1069	1294
1047	1079	1295
1047	1042	1296
1048	1050	1297
1049	1061	1298
1050	1061	1299
1051	1074	1300
1052	1077	1301
1053	1086	1302
1054	1099	1303
1055	1111	1304
1055	1079	1305
1056	1090	1306
1057	1100	1307
1057	1063	1308
1058	1075	1309
1059	1081	1310
1060	1092	1311
1061	1096	1312
1061	1055	1313
1062	1066	1314
1063	1078	1315
1064	1089	1316
1065	1099	1317
1066	1110	1318
1066	1077	1319
1067	1078	1320
1068	1090	1321
1069	1103	1322
1070	1115	1323
1070	1080	1324
1071	1087	1325
1072	1093	1326
1073	1105	1327
1073	1070	1328
1073	1026	1329
1074	1033	1330
1075	1038	1331
1076	1050	1332
1077	1049	1333
1078	1062	1334
1079	1064	1335
1080	1077	1336
1081	1089	1337
1082	1078	1338
1083	1091	1339
1084	1101	1340
1085	1103	1341
1086	1112	1342
1087	1123	1343
1088	1130	1344
1089	1136	1345
1090	1141	1346
1091	1153	1347
1092	1165	1348
1093	1168	1349
1094	1172	1350
1095	1185	1351
1096	1177	1352
1097	1183	1353
1097	1150	1354
1097	1118	1355
1098	1131	1356
1098	1095	1357
1098	1054	1358
1099	1065	1359
1100	1068	1360
1101	1078	1361
1102	1090	1362
1103	1096	1363
1103	1061	1364
1104	1072	1365
1105	1078	1366
1106	1080	1367
1107	1092	1368
1107	1059	1369
1108	1072	1370
1109	1083	1371
1110	1094	1372
1111	1092	1373
1112	1104	1374
1113	1109	1375
1113	1076	1376
1113	1043	1377
1113	996	1378
1113	963	1379
1114	969	1380
1115	976	1381
1116	988	1382
1117	999	1383
1118	1003	1384
1119	1015	1385
1120	1025	1386
1121	1038	1387
1121	1006	1388
1122	1009	1389
1122	966	1390
1123	978	1391
1124	985	1392
1125	997	1393
1125	965	1394
1125	929	1395
1126	937	1396
1127	950	1397
1128	962	1398
1129	974	1399
1130	986	1400
1130	929	1401
1131	942	1402
1132	951	1403
1133	963	1404
1134	975	1405
1135	988	1406
1136	1001	1407
1137	1011	1408
1138	1021	1409
1139	1030	1410
1140	1042	1411
1141	1054	1412
1141	1018	1413
1142	1030	1414
1143	1043	1415
1144	1056	1416
1145	1068	1417
1145	1032	1418
1146	1045	1419
1147	1054	1420
1148	1067	1421
1149	1080	1422
1150	1089	1423
1151	1090	1424
1152	1095	1425
1153	1102	1426
1154	1114	1427
1155	1127	1428
1156	1140	1429
1156	1107	1430
1157	1120	1431
1158	1126	1432
1159	1134	1433
1160	1138	1434
1161	1150	1435
1161	1109	1436
1162	1121	1437
1162	1074	1438
1163	1081	1439
1164	1091	1440
1165	1103	1441
1165	1069	1442
1166	1081	1443
1167	1090	1444
1168	1100	1445
1168	1067	1446
1169	1075	1447
1170	1087	1448
1171	1097	1449
1172	1110	1450
1172	1077	1451
1173	1090	1452
1174	1102	1453
1175	1111	1454
1176	1120	1455
1177	1130	1456
1178	1128	1457
1179	1140	1458
1180	1149	1459
1181	1157	1460
1182	1169	1461
1182	1136	1462
1183	1132	1463
1184	1144	1464
1185	1156	1465
1186	1165	1466
1186	1129	1467
1187	1135	1468
1188	1147	1469
1188	1112	1470
1189	1122	1471
1190	1135	1472
1191	1139	1473
1192	1147	1474
1193	1142	1475
1194	1151	1476
1194	1112	1477
1195	1125	1478
1196	1137	1479
1196	1100	1480
1197	1092	1481
1197	1059	1482
1197	1026	1483
1198	1024	1484
1199	1036	1485
1200	1048	1486
1201	1057	1487
1202	1070	1488
1203	1079	1489
1204	1086	1490
1205	1096	1491
1206	1100	1492
1207	1112	1493
1208	1125	1494
1209	1137	1495
1210	1147	1496
1211	1154	1497
1212	1164	1498
1213	1165	1499
1214	1178	1500
1215	1190	1501
1216	1202	1502
1216	1166	1503
1217	1172	1504
1218	1185	1505
1219	1196	1506
1220	1205	1507
1220	1172	1508
1220	1137	1509
1220	1100	1510
1221	1109	1511
1221	1075	1512
1221	1037	1513
1222	1041	1514
1223	1052	1515
1224	1063	1516
1225	1076	1517
1226	1074	1518
1227	1086	1519
1228	1090	1520
1228	1055	1521
1229	1068	1522
1230	1075	1523
1231	1079	1524
1232	1091	1525
1233	1100	1526
1233	1064	1527
1234	1075	1528
1235	1084	1529
1236	1096	1530
1237	1101	1531
1237	1062	1532
1238	1066	1533
1238	1033	1534
1239	1035	1535
1240	1047	1536
1241	1059	1537
1242	1071	1538
1243	1084	1539
1244	1089	1540
1245	1102	1541
1245	1060	1542
1246	1072	1543
1247	1085	1544
1248	1097	1545
1249	1107	1546
1250	1119	1547
1251	1123	1548
1252	1116	1549
1253	1128	1550
1254	1140	1551
1255	1149	1552
1256	1160	1553
1256	1128	1554
1256	1095	1555
1257	1108	1556
1258	1108	1557
1259	1121	1558
1260	1134	1559
1261	1137	1560
1261	1098	1561
1262	1111	1562
1263	1120	1563
1263	1084	1564
1264	1097	1565
1265	1110	1566
1265	1078	1567
1266	1087	1568
1267	1099	1569
1267	1067	1570
1268	1077	1571
1269	1090	1572
1270	1102	1573
1271	1108	1574
1272	1119	1575
1273	1130	1576
1274	1140	1577
1275	1146	1578
1276	1144	1579
1277	1152	1580
1277	1116	1581
1278	1123	1582
1279	1135	1583
1280	1146	1584
1280	1113	1585
1280	1080	1586
1280	1047	1587
1281	1057	1588
1282	1069	1589
1282	1035	1590
1283	1045	1591
1284	1054	1592
1284	1021	1593
1285	1034	1594
1286	1043	1595
1286	1010	1596
1287	1013	1597
1288	1012	1598
1289	1024	1599
1290	1036	1600
1291	1048	1601
1292	1060	1602
1293	1072	1603
1294	1082	1604
1295	1090	1605
1296	1100	1606
1297	1110	1607
1298	1123	1608
1299	1135	1609
1300	1147	1610
1301	1148	1611
1302	1160	1612
1303	1173	1613
1304	1184	1614
1305	1194	1615
1305	1161	1616
1306	1174	1617
1306	1141	1618
1307	1153	1619
1308	1159	1620
1309	1164	1621
1310	1175	1622
1311	1186	1623
1311	1153	1624
1312	1165	1625
1313	1178	1626
1314	1185	1627
1315	1186	1628
1316	1196	1629
1317	1207	1630
1318	1218	1631
1319	1229	1632
1320	1241	1633
1321	1254	1634
1322	1263	1635
1322	1225	1636
1322	1177	1637
1323	1188	1638
1324	1198	1639
1325	1206	1640
1326	1202	1641
1327	1198	1642
1328	1203	1643
1329	1215	1644
1329	1180	1645
1330	1193	1646
1331	1203	1647
1332	1212	1648
1333	1224	1649
1334	1235	1650
1334	1200	1651
1334	1159	1652
1335	1172	1653
1336	1184	1654
1336	1148	1655
1337	1154	1656
1338	1166	1657
1339	1164	1658
1340	1174	1659
1341	1186	1660
1342	1193	1661
1343	1203	1662
1344	1216	1663
1345	1228	1664
1346	1240	1665
1347	1251	1666
1348	1259	1667
1349	1269	1668
1350	1282	1669
1351	1278	1670
1352	1291	1671
1353	1302	1672
1354	1310	1673
1355	1322	1674
1356	1316	1675
1357	1327	1676
1358	1340	1677
1359	1349	1678
1360	1358	1679
1361	1367	1680
1361	1335	1681
1362	1320	1682
1363	1310	1683
1364	1322	1684
1365	1333	1685
1366	1344	1686
1366	1311	1687
1367	1320	1688
1368	1332	1689
1369	1344	1690
1370	1356	1691
1371	1362	1692
1371	1329	1693
1371	1285	1694
1372	1294	1695
1373	1306	1696
1374	1312	1697
1375	1318	1698
1376	1328	1699
1377	1340	1700
1378	1348	1701
1378	1316	1702
1379	1329	1703
1380	1340	1704
1381	1351	1705
1382	1363	1706
1383	1368	1707
1384	1375	1708
1385	1376	1709
1386	1387	1710
1387	1395	1711
1387	1362	1712
1388	1340	1713
1389	1349	1714
1390	1358	1715
1391	1363	1716
1392	1376	1717
1393	1383	1718
1394	1387	1719
1395	1393	1720
1395	1357	1721
1396	1369	1722
1396	1336	1723
1397	1348	1724
1398	1361	1725
1398	1311	1726
1399	1317	1727
1400	1327	1728
1401	1340	1729
1402	1352	1730
1403	1362	1731
1403	1310	1732
1404	1323	1733
1405	1333	1734
1405	1298	1735
1406	1310	1736
1406	1277	1737
1406	1245	1738
1407	1254	1739
1408	1266	1740
1409	1278	1741
1410	1291	1742
1411	1304	1743
1412	1316	1744
1413	1325	1745
1413	1285	1746
1414	1295	1747
1415	1308	1748
1416	1320	1749
1417	1332	1750
1418	1345	1751
1419	1350	1752
1419	1312	1753
1420	1325	1754
1421	1323	1755
1421	1290	1756
1422	1302	1757
1422	1270	1758
1423	1283	1759
1424	1289	1760
1425	1302	1761
1426	1314	1762
1426	1281	1763
1427	1293	1764
1428	1302	1765
1429	1315	1766
1430	1324	1767
1431	1334	1768
1432	1346	1769
1433	1352	1770
1434	1356	1771
1435	1369	1772
1436	1378	1773
1437	1391	1774
1437	1359	1775
1438	1372	1776
1439	1376	1777
1439	1336	1778
1440	1329	1779
1441	1340	1780
1442	1344	1781
1442	1308	1782
1443	1321	1783
1444	1333	1784
1445	1336	1785
1445	1299	1786
1446	1304	1787
1446	1271	1788
1447	1280	1789
1448	1292	1790
1449	1303	1791
1450	1314	1792
1451	1327	1793
1451	1286	1794
1451	1247	1795
1452	1249	1796
1453	1256	1797
1454	1267	1798
1454	1226	1799
1454	1191	1800
1455	1204	1801
1456	1217	1802
1457	1226	1803
1458	1238	1804
1459	1246	1805
1460	1251	1806
1461	1264	1807
1462	1266	1808
1463	1275	1809
1464	1288	1810
1465	1295	1811
1465	1259	1812
1466	1265	1813
1467	1264	1814
1468	1276	1815
1469	1289	1816
1470	1301	1817
1471	1309	1818
1472	1321	1819
1473	1328	1820
1474	1334	1821
1475	1346	1822
1476	1357	1823
1477	1366	1824
1478	1379	1825
1479	1390	1826
1479	1358	1827
1480	1371	1828
1481	1381	1829
1482	1389	1830
1483	1399	1831
1483	1359	1832
1484	1363	1833
1485	1375	1834
1486	1373	1835
1487	1386	1836
1488	1398	1837
1489	1411	1838
1490	1412	1839
1490	1379	1840
1491	1392	1841
1492	1404	1842
1493	1415	1843
1494	1425	1844
1495	1438	1845
1495	1405	1846
1496	1390	1847
1497	1399	1848
1498	1408	1849
1499	1414	1850
1500	1426	1851
1501	1430	1852
1502	1442	1853
1502	1410	1854
1503	1422	1855
1504	1435	1856
1505	1434	1857
1506	1447	1858
1507	1455	1859
1508	1464	1860
1509	1472	1861
1509	1437	1862
1510	1450	1863
1511	1463	1864
1512	1472	1865
1513	1481	1866
1514	1492	1867
1515	1487	1868
1516	1497	1869
1516	1465	1870
1517	1477	1871
1517	1436	1872
1518	1449	1873
1519	1459	1874
1519	1419	1875
1519	1386	1876
1520	1396	1877
1520	1357	1878
1521	1365	1879
1522	1371	1880
1523	1382	1881
1524	1394	1882
1525	1404	1883
1526	1415	1884
1527	1426	1885
1527	1382	1886
1527	1349	1887
1528	1356	1888
1529	1366	1889
1530	1373	1890
1531	1383	1891
1532	1390	1892
1533	1403	1893
1534	1413	1894
1535	1425	1895
1536	1427	1896
1537	1440	1897
1538	1438	1898
1539	1448	1899
1540	1457	1900
1541	1468	1901
1542	1477	1902
1543	1489	1903
1543	1456	1904
1544	1468	1905
1545	1480	1906
1546	1488	1907
1546	1455	1908
1547	1468	1909
1548	1480	1910
1549	1483	1911
1550	1493	1912
1551	1506	1913
1552	1512	1914
1553	1519	1915
1554	1529	1916
1555	1542	1917
1555	1489	1918
1556	1500	1919
1557	1510	1920
1559	1490	1921
1559	1457	1922
1560	1470	1923
1561	1483	1924
1562	1495	1925
1563	1502	1926
1564	1511	1927
1565	1520	1928
1565	1483	1929
1566	1492	1930
1566	1443	1931
1566	1407	1932
1567	1409	1933
1568	1420	1934
1569	1429	1935
1570	1430	1936
1571	1440	1937
1572	1452	1938
1573	1463	1939
1574	1469	1940
1575	1481	1941
1576	1490	1942
1577	1499	1943
1577	1460	1944
1577	1425	1945
1578	1435	1946
1578	1403	1947
1579	1415	1948
1579	1376	1949
1579	1343	1950
1580	1352	1951
1580	1315	1952
1580	1275	1953
1580	1236	1954
1581	1249	1955
1581	1208	1956
1581	1173	1957
1582	1177	1958
1583	1187	1959
1584	1199	1960
1585	1208	1961
1586	1217	1962
1586	1177	1963
1587	1185	1964
1588	1198	1965
1589	1209	1966
1590	1215	1967
1591	1221	1968
1592	1234	1969
1592	1202	1970
1593	1208	1971
1594	1218	1972
1595	1231	1973
1596	1239	1974
1597	1251	1975
1598	1263	1976
1598	1230	1977
1598	1197	1978
1599	1204	1979
1600	1208	1980
1601	1221	1981
1601	1189	1982
1602	1201	1983
1603	1213	1984
1604	1214	1985
1605	1225	1986
1606	1237	1987
1607	1249	1988
1608	1253	1989
1608	1207	1990
1608	1171	1991
1609	1177	1992
1609	1140	1993
1610	1142	1994
1611	1154	1995
1612	1164	1996
1613	1171	1997
1613	1139	1998
1613	1104	1999
1614	1116	2000
1615	1123	2001
1615	1079	2002
1616	1078	2003
1617	1082	2004
1617	1046	2005
1617	1010	2006
1618	1022	2007
1618	987	2008
1618	936	2009
1619	948	2010
1620	957	2011
1621	969	2012
1622	979	2013
1623	988	2014
1623	944	2015
1623	907	2016
1624	911	2017
1625	923	2018
1625	890	2019
1626	899	2020
1627	911	2021
1628	907	2022
1629	919	2023
1630	927	2024
1630	891	2025
1631	892	2026
1632	904	2027
1633	913	2028
1633	875	2029
1634	888	2030
1635	896	2031
1635	858	2032
1636	870	2033
1637	872	2034
1638	881	2035
1639	894	2036
1640	906	2037
1641	915	2038
1642	917	2039
1643	929	2040
1644	942	2041
1645	952	2042
1646	964	2043
1647	976	2044
1648	982	2045
1649	994	2046
1650	1003	2047
1651	1016	2048
1652	1027	2049
1653	1029	2050
1654	1036	2051
1655	1048	2052
1656	1051	2053
1657	1061	2054
1657	1010	2055
1658	1012	2056
1658	980	2057
1659	992	2058
1659	960	2059
1660	970	2060
1660	938	2061
1661	950	2062
1662	960	2063
1662	925	2064
1663	938	2065
1664	950	2066
1665	961	2067
1665	925	2068
1666	938	2069
1667	947	2070
1667	901	2071
1668	909	2072
1668	866	2073
1669	873	2074
1669	838	2075
1669	806	2076
1670	813	2077
1671	825	2078
1672	804	2079
1673	800	2080
1674	813	2081
1675	822	2082
1675	783	2083
1676	794	2084
1677	800	2085
1678	813	2086
1679	822	2087
1680	818	2088
1681	830	2089
1682	842	2090
1683	854	2091
1684	852	2092
1684	820	2093
1685	831	2094
1686	843	2095
1687	849	2096
1688	861	2097
1689	870	2098
1690	877	2099
1691	890	2100
1692	900	2101
1693	907	2102
1694	911	2103
1695	919	2104
1696	925	2105
1697	934	2106
1697	895	2107
1697	860	2108
1697	827	2109
1698	838	2110
1699	851	2111
1700	863	2112
1701	872	2113
1702	884	2114
1703	895	2115
1704	907	2116
1705	920	2117
1706	930	2118
1707	943	2119
1708	956	2120
1709	968	2121
1709	935	2122
1710	947	2123
1711	953	2124
1712	965	2125
1713	973	2126
1714	969	2127
1715	959	2128
1716	969	2129
1716	936	2130
1716	898	2131
1717	910	2132
1718	922	2133
1719	934	2134
1720	946	2135
1720	913	2136
1721	925	2137
1722	933	2138
1723	943	2139
1723	906	2140
1724	919	2141
1725	931	2142
1726	941	2143
1726	909	2144
1727	921	2145
1728	926	2146
1729	938	2147
1730	950	2148
1731	962	2149
1732	969	2150
1733	981	2151
1734	993	2152
1734	961	2153
1735	973	2154
1735	940	2155
1736	952	2156
1737	965	2157
1737	924	2158
1738	930	2159
1739	935	2160
1740	942	2161
1741	954	2162
1741	915	2163
1742	927	2164
1742	888	2165
1743	894	2166
1744	902	2167
1744	862	2168
1745	868	2169
1746	881	2170
1746	843	2171
1747	852	2172
1748	861	2173
1749	867	2174
1750	873	2175
1750	832	2176
1750	788	2177
1751	789	2178
1752	796	2179
1753	809	2180
1754	821	2181
1755	830	2182
1755	794	2183
1755	755	2184
1756	767	2185
1757	769	2186
1758	774	2187
1758	739	2188
1759	751	2189
1760	763	2190
1761	770	2191
1762	782	2192
1763	786	2193
1764	799	2194
1764	763	2195
1765	775	2196
1766	784	2197
1767	794	2198
1768	801	2199
1769	812	2200
1770	820	2201
1771	823	2202
1772	835	2203
1773	845	2204
1774	858	2205
1775	871	2206
1775	839	2207
1776	852	2208
1777	865	2209
1778	875	2210
1779	873	2211
1780	883	2212
1781	895	2213
1782	905	2214
1782	866	2215
1783	875	2216
1784	885	2217
1785	897	2218
1786	910	2219
1787	922	2220
1788	928	2221
1789	935	2222
1790	944	2223
1791	952	2224
1792	964	2225
1793	973	2226
1794	978	2227
1794	938	2228
1795	949	2229
1795	915	2230
1796	925	2231
1797	931	2232
1797	894	2233
1797	861	2234
1798	874	2235
1799	885	2236
1799	848	2237
1800	852	2238
1801	865	2239
1802	877	2240
1803	884	2241
1804	893	2242
1805	904	2243
1806	911	2244
1807	920	2245
1808	930	2246
1808	897	2247
1809	901	2248
1809	868	2249
1810	877	2250
1810	840	2251
1811	853	2252
1812	863	2253
1813	867	2254
1814	879	2255
1815	885	2256
1815	853	2257
1815	812	2258
1816	824	2259
1817	834	2260
1818	843	2261
1818	810	2262
1819	822	2263
1819	786	2264
1819	753	2265
1820	761	2266
1821	773	2267
1821	734	2268
1821	701	2269
1822	707	2270
1823	709	2271
1824	718	2272
1824	679	2273
1825	685	2274
1826	696	2275
1827	709	2276
1827	677	2277
1828	689	2278
1828	654	2279
1829	665	2280
1830	675	2281
1831	679	2282
1832	686	2283
1833	698	2284
1833	659	2285
1834	667	2286
1835	679	2287
1836	690	2288
1837	694	2289
1838	690	2290
1839	699	2291
1839	660	2292
1840	671	2293
1841	669	2294
1841	634	2295
1842	646	2296
1843	657	2297
1843	619	2298
1844	628	2299
1845	641	2300
1846	650	2301
1847	662	2302
1848	669	2303
1849	674	2304
1850	681	2305
1850	645	2306
1850	612	2307
1851	619	2308
1852	630	2309
1853	640	2310
1854	650	2311
1855	662	2312
1856	674	2313
1857	686	2314
1858	692	2315
1859	699	2316
1860	711	2317
1861	721	2318
1862	733	2319
1863	746	2320
1864	752	2321
1865	762	2322
1866	773	2323
1867	785	2324
1868	796	2325
1869	808	2326
1869	762	2327
1870	774	2328
1871	778	2329
1872	788	2330
1873	800	2331
1873	763	2332
1874	770	2333
1875	782	2334
1876	783	2335
1877	789	2336
1878	801	2337
1879	807	2338
1879	775	2339
1880	787	2340
1881	800	2341
1882	809	2342
1883	822	2343
1884	832	2344
1885	845	2345
1886	836	2346
1887	841	2347
1888	852	2348
1888	811	2349
1889	820	2350
1890	832	2351
1890	800	2352
1891	806	2353
1892	815	2354
1893	824	2355
1894	836	2356
1895	838	2357
1896	848	2358
1897	852	2359
1898	846	2360
1898	809	2361
1899	822	2362
1900	831	2363
1901	844	2364
1902	853	2365
1903	865	2366
1904	869	2367
1905	879	2368
1906	873	2369
1907	886	2370
1908	892	2371
1909	904	2372
1910	912	2373
1911	916	2374
1912	927	2375
1913	931	2376
1914	935	2377
1915	947	2378
1916	955	2379
1917	965	2380
1918	977	2381
1919	990	2382
1920	1002	2383
1921	1011	2384
1922	1022	2385
1923	1035	2386
1924	1042	2387
1925	1051	2388
1926	1064	2389
1927	1076	2390
1928	1085	2391
1929	1093	2392
1930	1105	2393
1931	1115	2394
1932	1126	2395
1933	1136	2396
1934	1145	2397
1935	1151	2398
1936	1164	2399
1936	1126	2400
1936	1090	2401
1936	1053	2402
1937	1066	2403
1938	1072	2404
1939	1073	2405
1939	1041	2406
1940	1051	2407
1941	1058	2408
1941	1025	2409
1941	993	2410
1942	999	2411
1943	1011	2412
1944	1016	2413
1944	979	2414
1944	947	2415
1945	955	2416
1946	967	2417
1947	978	2418
1948	990	2419
1949	999	2420
1950	1011	2421
1950	972	2422
1951	981	2423
1952	985	2424
1953	997	2425
1954	1009	2426
1955	1019	2427
1956	1032	2428
1957	1041	2429
1958	1052	2430
1959	1061	2431
1960	1073	2432
1960	1037	2433
1960	1000	2434
1961	1012	2435
1962	1021	2436
1962	988	2437
1963	999	2438
1964	1003	2439
1965	1010	2440
1966	1016	2441
1967	1017	2442
1968	1029	2443
1968	992	2444
1969	996	2445
1970	1009	2446
1971	1019	2447
1971	987	2448
1972	999	2449
1973	1008	2450
1974	1021	2451
1975	1030	2452
1976	1042	2453
1977	1054	2454
1978	1066	2455
1979	1071	2456
1980	1079	2457
1980	1044	2458
1981	1056	2459
1981	1023	2460
1982	1029	2461
1983	1041	2462
1983	1008	2463
1984	1020	2464
1985	1018	2465
1986	1030	2466
1986	997	2467
1987	1009	2468
1987	977	2469
1988	987	2470
1989	999	2471
1989	963	2472
1990	974	2473
1991	985	2474
1992	997	2475
1992	965	2476
1993	969	2477
1994	982	2478
1995	994	2479
1996	1003	2480
1997	1014	2481
1997	976	2482
1998	988	2483
1999	1000	2484
2000	1012	2485
2000	976	2486
2001	975	2487
2002	976	2488
2003	988	2489
2004	1000	2490
2005	1010	2491
2006	1020	2492
2007	1032	2493
2008	1045	2494
2008	1007	2495
2008	975	2496
2009	984	2497
2010	992	2498
2011	1004	2499
2012	1013	2500
2012	977	2501
2013	986	2502
2014	997	2503
2015	1009	2504
2015	968	2505
2016	981	2506
2017	994	2507
2017	960	2508
2018	966	2509
2019	976	2510
2020	988	2511
2020	951	2512
2020	918	2513
2021	929	2514
2022	935	2515
2023	948	2516
2023	915	2517
2023	881	2518
2024	890	2519
2025	903	2520
2026	915	2521
2026	848	2522
2027	860	2523
2028	872	2524
2029	885	2525
2030	883	2526
2030	850	2527
2031	857	2528
2031	824	2529
2031	786	2530
2032	799	2531
2033	812	2532
2034	821	2533
2035	827	2534
2036	839	2535
2037	851	2536
2037	819	2537
2038	830	2538
2039	831	2539
2040	839	2540
2041	851	2541
2042	863	2542
2043	875	2543
2044	882	2544
2045	889	2545
2045	857	2546
2046	869	2547
2047	882	2548
2048	894	2549
2049	907	2550
2049	872	2551
2050	870	2552
2050	836	2553
2051	848	2554
2051	815	2555
2052	827	2556
2053	840	2557
2054	849	2558
2055	861	2559
2056	870	2560
2057	878	2561
2058	885	2562
2059	881	2563
2060	889	2564
2061	901	2565
2061	862	2566
2061	829	2567
2061	785	2568
2062	797	2569
2063	809	2570
2064	818	2571
2065	813	2572
2065	781	2573
2066	788	2574
2067	801	2575
2068	813	2576
2068	779	2577
2068	746	2578
2069	758	2579
2070	771	2580
2071	781	2581
2072	791	2582
2073	803	2583
2074	809	2584
2075	822	2585
2076	834	2586
2077	845	2587
2078	857	2588
2078	825	2589
2079	838	2590
2080	844	2591
2081	853	2592
2082	865	2593
2083	874	2594
2084	881	2595
2085	891	2596
2086	904	2597
2087	913	2598
2088	926	2599
2089	939	2600
2090	952	2601
2091	965	2602
2092	977	2603
2093	988	2604
2094	1000	2605
2095	1009	2606
2095	976	2607
2096	983	2608
2097	991	2609
2098	1004	2610
2099	1012	2611
2100	1024	2612
2100	989	2613
2100	957	2614
2101	970	2615
2102	981	2616
2103	979	2617
2104	991	2618
2105	1004	2619
2105	971	2620
2106	982	2621
2107	991	2622
2108	1003	2623
2109	1011	2624
2110	1014	2625
2110	980	2626
2111	991	2627
2111	950	2628
2112	959	2629
2113	970	2630
2114	980	2631
2115	991	2632
2116	1003	2633
2116	971	2634
2117	980	2635
2117	942	2636
2118	954	2637
2119	960	2638
2120	973	2639
2121	985	2640
2122	990	2641
2123	1001	2642
2124	1014	2643
2125	1004	2644
2126	1015	2645
2127	1021	2646
2128	1033	2647
2129	1043	2648
2129	1010	2649
2130	1022	2650
2130	984	2651
2130	963	244
2131	968	245
2132	971	246
2132	933	247
2133	945	248
2134	952	249
2135	962	250
2136	966	251
2136	928	252
2137	938	253
2138	947	254
2138	915	255
2139	923	256
2140	926	257
2141	938	258
2142	951	259
2143	949	260
2144	961	261
2145	973	262
2146	978	263
2147	990	264
2147	955	265
2148	968	266
2149	977	267
2150	988	268
2151	1000	269
2152	1012	270
2152	979	271
2153	992	272
2154	1004	273
2155	1013	274
2156	1020	275
2157	1030	276
2158	1043	277
2159	1055	278
2160	1062	279
2161	1064	280
2161	1026	281
2162	1039	282
2163	1044	283
2164	1054	284
2165	1064	285
2166	1073	286
2167	1085	287
2168	1098	288
2168	1064	289
2169	1074	290
2170	1086	291
2171	1091	292
2172	1103	293
2173	1115	294
2174	1121	295
2175	1125	296
2176	1137	297
2177	1145	298
2178	1146	299
2179	1156	300
2180	1169	301
2181	1182	302
2182	1191	303
2182	1153	304
2182	1120	305
2183	1133	306
2184	1139	307
2185	1149	308
2186	1160	309
2187	1172	310
2188	1180	311
2189	1186	312
2190	1191	313
2191	1203	314
2192	1216	315
2193	1224	316
2194	1236	317
2195	1248	318
2196	1258	319
2196	1226	320
2197	1237	321
2198	1248	322
2198	1214	323
2199	1226	324
2200	1236	325
2201	1248	326
2202	1260	327
2203	1266	328
2204	1273	329
2205	1283	330
2206	1295	331
2207	1303	332
2208	1316	333
2208	1283	334
2208	1242	335
2209	1246	336
2210	1257	337
2211	1270	338
2211	1238	339
2212	1243	340
2213	1249	341
2214	1262	342
2215	1266	343
2216	1275	344
2217	1285	345
2218	1294	346
2219	1306	347
2220	1317	348
2221	1326	349
2222	1338	350
2223	1342	351
2223	1306	352
2224	1311	353
2225	1317	354
2226	1310	355
2226	1276	356
2227	1286	357
2227	1247	358
2228	1257	359
2228	1218	360
2229	1224	361
2229	1189	362
2229	1151	363
2230	1161	364
2231	1170	365
2231	1134	366
2232	1140	367
2233	1144	368
2234	1155	369
2235	1164	370
2235	1131	371
2236	1143	372
2237	1155	373
2238	1167	374
2239	1172	375
2240	1185	376
2241	1198	377
2242	1210	378
2243	1223	379
2243	1191	380
2244	1203	381
2245	1210	382
2245	1178	383
2246	1191	384
2247	1198	385
2247	1166	386
2248	1175	387
2249	1184	388
2249	1149	389
2249	1116	390
2250	1125	391
2251	1130	392
2251	1089	393
2252	1085	394
2252	1047	395
2253	1059	396
2254	1068	397
2255	1081	398
2255	1048	399
2256	1060	400
2257	1069	401
2258	1077	402
2259	1089	403
2260	1101	404
2261	1112	405
2262	1121	406
2263	1134	407
2264	1132	408
2264	1100	409
2265	1112	410
2266	1121	411
2267	1126	412
2267	1093	413
2268	1106	414
2269	1110	415
2270	1123	416
2271	1134	417
2272	1147	418
2272	1112	419
2273	1123	420
2273	1089	421
2274	1102	422
2274	1069	423
2274	1037	424
2275	1049	425
2276	1061	426
2277	1071	427
2278	1077	428
2279	1087	429
2279	1054	430
2280	1064	431
2281	1059	432
2282	1072	433
2283	1084	434
2284	1096	435
2285	1108	436
2286	1118	437
2287	1125	438
2288	1137	439
2288	1104	440
2289	1113	441
2290	1125	442
2291	1137	443
2292	1148	444
2293	1160	445
2294	1172	446
2295	1182	447
2295	1146	448
2296	1158	449
2297	1169	450
2298	1180	451
2299	1176	452
2299	1135	453
2300	1148	454
2301	1160	455
2302	1171	456
2303	1183	457
2304	1192	458
2305	1201	459
2306	1213	460
2307	1222	461
2307	1187	462
2308	1191	463
2309	1204	464
2310	1214	465
2311	1223	466
2312	1234	467
2313	1241	468
2314	1249	469
2315	1260	470
2316	1272	471
2316	1234	472
2317	1240	473
2318	1250	474
2319	1261	475
2319	1229	476
2320	1242	477
2321	1254	478
2322	1263	479
2323	1269	480
2324	1273	481
2324	1239	482
2324	1204	483
2325	1216	484
2326	1228	485
2327	1231	486
2328	1234	487
2329	1245	488
2329	1210	489
2330	1209	490
2330	1176	491
2331	1188	492
2332	1199	493
2333	1211	494
2334	1215	495
2335	1221	496
2335	1185	497
2336	1197	498
2337	1209	499
2338	1213	500
2339	1226	501
2340	1238	502
2341	1250	503
2342	1261	504
2343	1256	505
2344	1266	506
2345	1279	507
2346	1290	508
2347	1302	509
2348	1314	510
2349	1327	511
2350	1330	512
2351	1340	513
2352	1350	514
2353	1357	515
2354	1369	516
2355	1381	517
2356	1391	518
2356	1350	519
2357	1359	520
2358	1368	521
2359	1370	522
2360	1382	523
2361	1390	524
2362	1400	525
2363	1413	526
2363	1374	527
2364	1384	528
2364	1343	529
2364	1310	530
2364	1276	531
2365	1285	532
2366	1298	533
2367	1307	534
2368	1317	535
2369	1325	536
2370	1326	537
2371	1332	538
2371	1296	539
2372	1304	540
2373	1314	541
2373	1270	542
2374	1281	543
2375	1280	544
2375	1244	545
2376	1257	546
2377	1264	547
2377	1231	548
2378	1243	549
2379	1256	550
2380	1264	551
2381	1276	552
2382	1286	553
2383	1290	554
2384	1289	555
2385	1300	556
2386	1306	557
2386	1270	558
2387	1260	559
2387	1228	560
2388	1240	561
2389	1252	562
2390	1264	563
2390	1228	564
2391	1237	565
2392	1248	566
2393	1252	567
2393	1213	568
2394	1217	569
2395	1229	570
2396	1241	571
2397	1242	572
2398	1253	573
2399	1262	574
2399	1219	575
2400	1225	576
2400	1185	577
2400	1151	578
2400	1118	579
2401	1131	580
2402	1141	581
2403	1147	582
2404	1159	583
2405	1165	584
2406	1177	585
2407	1189	586
2408	1199	587
2409	1211	588
2410	1224	589
2411	1235	590
2411	1201	591
2412	1207	592
2413	1214	593
2414	1224	594
2415	1234	595
2416	1244	596
2417	1248	597
2418	1254	598
2418	1221	599
2419	1234	600
2419	1199	601
2420	1210	602
2421	1219	603
2422	1230	604
2423	1241	605
2424	1252	606
2425	1264	607
2426	1276	608
2426	1236	609
2427	1244	610
2428	1244	611
2429	1254	612
2430	1266	613
2431	1273	614
2432	1284	615
2433	1292	616
2434	1304	617
2435	1316	618
2436	1326	619
2437	1334	620
2438	1347	621
2439	1353	622
2440	1362	623
2441	1374	624
2442	1386	625
2443	1398	626
2443	1365	627
2444	1375	628
2445	1388	629
2446	1400	630
2447	1412	631
2448	1425	632
2448	1383	633
2448	1351	634
2449	1363	635
2450	1373	636
2451	1382	637
2452	1390	638
2453	1402	639
2454	1414	640
2455	1426	641
2456	1438	642
2457	1445	643
2458	1451	644
2459	1463	645
2460	1467	646
2461	1479	647
2461	1447	648
2462	1456	649
2462	1417	650
2463	1418	651
2464	1427	652
2464	1391	653
2465	1400	654
2466	1398	655
2467	1400	656
2468	1409	657
2469	1422	658
2470	1432	659
2471	1442	660
2471	1407	661
2471	1374	662
2472	1370	663
2472	1334	664
2473	1347	665
2474	1359	666
2475	1371	667
2476	1380	668
2477	1389	669
2478	1401	670
2479	1414	671
2480	1426	672
2480	1385	673
2481	1394	674
2482	1406	675
2482	1371	676
2483	1383	677
2484	1394	678
2484	1359	679
2485	1366	680
2486	1369	681
2487	1382	682
2487	1343	683
2488	1356	684
2489	1367	685
2489	1335	686
2489	1288	687
2490	1301	688
2491	1306	689
2492	1319	690
2492	1286	691
2493	1295	692
2494	1307	693
2495	1319	694
2496	1325	695
2497	1334	696
2498	1342	697
2499	1354	698
2500	1358	699
2500	1322	700
2501	1335	701
2502	1347	702
2503	1351	703
2504	1361	704
2505	1372	705
2506	1383	706
2507	1396	707
2508	1388	708
2509	1400	709
2510	1412	710
2511	1421	711
2511	1382	712
2512	1384	713
2513	1393	714
2514	1406	715
2515	1407	716
2516	1414	717
2517	1424	718
2518	1432	719
2519	1437	720
2520	1443	721
2520	1411	722
2520	1376	723
2521	1382	724
2522	1386	725
2522	1353	726
2522	1316	727
2523	1322	728
2523	1279	729
2524	1286	730
2525	1290	731
2526	1290	732
2527	1302	733
2528	1314	734
2529	1324	735
2530	1335	736
2531	1347	737
2532	1354	738
2533	1363	739
2534	1372	740
2534	1340	741
2535	1352	742
2535	1315	743
2536	1325	744
2536	1289	745
2537	1298	746
2538	1310	747
2539	1306	748
2540	1318	749
2540	1280	750
2540	1247	751
2541	1257	752
2542	1259	753
2542	1226	754
2543	1232	755
2544	1238	756
2544	1206	757
2545	1208	758
2545	1173	759
2546	1174	760
2546	1139	761
2547	1150	762
2548	1161	763
2549	1171	764
2550	1182	765
2551	1191	766
2552	1203	767
2552	1167	768
2553	1174	769
2553	1141	770
2553	1108	771
2554	1120	772
2555	1123	773
2555	1085	774
2556	1086	775
2557	1093	776
2558	1102	777
2558	1070	778
2559	1066	779
2559	1025	780
2559	992	781
2560	1004	782
2561	1013	783
2561	978	784
2562	987	785
2563	978	786
2563	945	787
2563	912	788
2564	925	789
2565	935	790
2566	937	791
2567	936	792
2568	949	793
2569	961	794
2570	974	795
2571	987	796
2572	997	797
2572	959	798
2573	971	799
2574	983	800
2575	993	801
2575	958	802
2576	970	803
2577	982	804
2578	984	805
2579	996	806
2580	1007	807
2581	1016	808
2582	1029	809
2583	1042	810
2584	1053	811
2585	1064	812
2586	1074	813
2587	1086	814
2587	1054	815
2588	1058	816
2589	1070	817
2590	1069	818
2591	1073	819
2592	1081	820
2593	1090	821
2593	1052	822
2594	1058	823
2595	1070	824
2596	1082	825
2597	1094	826
2598	1101	827
2599	1113	828
2600	1125	829
2601	1137	830
2602	1149	831
2603	1156	832
2604	1168	833
2604	1135	834
2605	1139	835
2606	1152	836
2607	1165	837
2607	1133	838
2608	1133	839
2609	1145	840
2609	1109	841
2610	1118	842
2611	1131	843
2612	1139	844
2613	1135	845
2614	1147	846
2615	1159	847
2616	1172	848
2617	1181	849
2618	1193	850
2619	1206	851
2620	1210	852
2620	1173	853
2621	1186	854
2622	1197	855
2622	1160	856
2623	1169	857
2624	1180	858
2625	1191	859
2626	1204	860
2627	1216	861
2628	1226	862
2629	1233	863
2630	1244	864
2631	1250	865
2632	1253	866
2633	1255	867
2634	1261	868
2635	1269	869
2635	1236	870
2636	1248	871
2636	1215	872
2637	1224	873
2638	1237	874
2639	1246	875
2640	1255	876
2640	1220	877
2641	1232	878
2642	1245	879
2642	1209	880
2643	1222	881
2644	1224	882
2645	1237	883
2646	1243	884
2647	1255	885
2648	1267	886
2649	1266	887
2649	1232	888
2650	1243	889
2651	1249	890
2652	1261	891
2653	1271	892
2654	1282	893
2655	1291	894
2656	1301	895
2657	1305	896
2658	1316	897
2658	1278	898
2659	1291	899
2660	1303	900
2661	1309	901
2662	1320	902
2663	1332	903
2664	1345	904
2665	1351	905
2666	1364	906
2667	1376	907
2668	1388	908
2669	1382	909
2670	1388	910
2671	1399	911
2671	1361	912
2672	1370	913
2673	1378	914
2674	1386	915
2675	1398	916
2676	1410	917
2677	1411	918
2678	1412	919
2679	1425	920
2680	1435	921
2681	1447	922
2682	1451	923
2683	1459	924
2683	1426	925
2684	1435	926
2685	1445	927
2685	1406	928
2686	1418	929
2687	1430	930
2688	1443	931
2689	1455	932
2690	1467	933
2691	1469	934
2692	1474	935
2692	1438	936
2693	1445	937
2693	1409	938
2694	1417	939
2695	1428	940
2696	1437	941
2697	1444	942
2698	1456	943
2699	1468	944
2699	1435	945
2699	1399	946
2699	1364	947
2700	1371	948
2700	1336	949
2701	1340	950
2702	1350	951
2702	1317	952
2703	1330	953
2704	1340	954
2704	1302	955
2705	1315	956
2706	1307	957
2707	1316	958
2708	1326	959
2709	1330	960
2710	1343	961
2711	1353	962
2712	1365	963
2713	1378	964
2714	1390	965
2714	1353	966
2715	1359	967
2716	1371	968
2717	1382	969
2718	1394	970
2719	1403	971
2720	1409	972
2720	1374	973
2721	1384	974
2722	1388	975
2722	1355	976
2723	1357	977
2724	1367	978
2724	1335	979
2725	1342	980
2725	1301	981
2726	1310	982
2727	1306	983
2728	1316	984
2729	1329	985
2730	1326	986
2731	1338	987
2732	1348	988
2733	1342	989
2734	1354	990
2734	1313	991
2735	1325	992
2736	1332	993
2737	1343	994
2738	1354	995
2738	1321	996
2738	1275	997
2739	1266	998
2740	1273	999
2741	1280	1000
2742	1292	1001
2742	1260	1002
2743	1272	1003
2743	1237	1004
2744	1249	1005
2745	1258	1006
2745	1217	1007
2746	1219	1008
2746	1187	1009
2747	1200	1010
2748	1212	1011
2749	1221	1012
2750	1231	1013
2751	1237	1014
2751	1172	1015
2751	1139	1016
2752	1151	1017
2753	1164	1018
2754	1176	1019
2755	1188	1020
2756	1200	1021
2756	1167	1022
2757	1163	1023
2757	1127	1024
2757	1087	1025
2758	1093	1026
2759	1106	1027
2760	1117	1028
2761	1129	1029
2761	1091	1030
2762	1101	1031
2763	1110	1032
2764	1123	1033
2765	1136	1034
2766	1148	1035
2767	1160	1036
2768	1169	1037
2769	1178	1038
2770	1190	1039
2771	1202	1040
2771	1170	1041
2772	1180	1042
2772	1144	1043
2773	1154	1044
2774	1167	1045
2775	1165	1046
2776	1178	1047
2777	1186	1048
2777	1153	1049
2777	1120	1050
2777	1086	1051
2778	1099	1052
2778	1067	1053
2778	1032	1054
2779	1028	1055
2780	1036	1056
2781	1037	1057
2781	1001	1058
2782	1014	1059
2783	1022	1060
2784	1030	1061
2785	1037	1062
2785	999	1063
2786	1012	1064
2786	979	1065
2787	985	1066
2788	993	1067
2788	960	1068
2789	972	1069
2790	980	1070
2791	992	1071
2792	1001	1072
2793	1013	1073
2794	1025	1074
2795	1034	1075
2796	1043	1076
2797	1055	1077
2798	1067	1078
2799	1072	1079
2800	1084	1080
2800	1037	1081
2800	1004	1082
2801	1015	1083
2802	1026	1084
2802	993	1085
2803	1003	1086
2804	1016	1087
2804	983	1088
2805	992	1089
2806	1002	1090
2807	1014	1091
2808	1027	1092
2808	992	1093
2809	1001	1094
2810	1011	1095
2811	1023	1096
2812	1035	1097
2813	1042	1098
2814	1052	1099
2815	1062	1100
2816	1073	1101
2817	1086	1102
2818	1099	1103
2819	1108	1104
2820	1120	1105
2820	1084	1106
2820	1038	1107
2821	1042	1108
2822	1054	1109
2823	1067	1110
2824	1079	1111
2825	1092	1112
2825	1057	1113
2826	1067	1114
2827	1077	1115
2828	1090	1116
2829	1102	1117
2830	1106	1118
2830	1073	1119
2831	1086	1120
2832	1098	1121
2833	1108	1122
2834	1120	1123
2835	1132	1124
2836	1144	1125
2837	1154	1126
2838	1158	1127
2839	1159	1128
2840	1166	1129
2841	1176	1130
2841	1144	1131
2842	1156	1132
2843	1166	1133
2844	1179	1134
2845	1191	1135
2846	1202	1136
2847	1209	1137
2848	1218	1138
2849	1230	1139
2850	1243	1140
2851	1254	1141
2852	1258	1142
2853	1267	1143
2854	1280	1144
2855	1291	1145
2856	1304	1146
2856	1268	1147
2857	1272	1148
2858	1284	1149
2858	1252	1150
2858	1219	1151
2859	1224	1152
2859	1191	1153
2860	1204	1154
2861	1216	1155
2861	1183	1156
2862	1192	1157
2863	1205	1158
2864	1209	1159
2865	1221	1160
2866	1234	1161
2867	1246	1162
2868	1259	1163
2868	1220	1164
2869	1228	1165
2870	1236	1166
2871	1248	1167
2872	1259	1168
2873	1272	1169
2873	1239	1170
2874	1249	1171
2874	1213	1172
2875	1219	1173
2875	1185	1174
2876	1194	1175
2877	1185	1176
2878	1198	1177
2879	1204	1178
2880	1214	1179
2880	1179	1180
2881	1191	1181
2882	1197	1182
2882	1163	1183
2882	1131	1184
2882	1097	1185
2883	1102	1186
2884	1114	1187
2885	1124	1188
2886	1128	1189
2887	1136	1190
2887	1100	1191
2888	1096	1192
2889	1108	1193
2890	1119	1194
2891	1132	1195
2892	1141	1196
2893	1152	1197
2894	1159	1198
2895	1170	1199
2896	1179	1200
2897	1190	1201
2898	1194	1202
2899	1202	1203
2900	1212	1204
2901	1223	1205
2901	1190	1206
2902	1202	1207
2902	1168	1208
2903	1164	1209
2904	1176	1210
2905	1185	1211
2906	1198	1212
2907	1207	1213
2908	1213	1214
2909	1225	1215
2910	1237	1216
2910	1203	1217
2911	1211	1218
2912	1223	1219
2912	1191	1220
2913	1197	1221
2914	1209	1222
2915	1221	1223
2916	1233	1224
2916	1198	1225
2917	1210	1226
2917	1172	1227
2917	1128	1228
2918	1135	1229
2919	1148	1230
2920	1148	1231
2921	1157	1232
2922	1161	1233
2923	1168	1234
2923	1132	1235
2924	1141	1236
2924	1108	1237
2924	1073	1238
2924	1034	1239
2925	1047	1240
2926	1057	1241
2927	1066	1242
2928	1078	1243
2929	1087	1244
2929	1054	1245
2930	1066	1246
2931	1078	1247
2932	1090	1248
2933	1103	1249
2934	1109	1250
2935	1121	1251
2936	1134	1252
2937	1146	1253
2938	1157	1254
2939	1168	1255
2940	1181	1256
2940	1148	1257
2941	1153	1258
2942	1160	1259
2943	1169	1260
2943	1136	1261
2944	1149	1262
2945	1151	1263
2946	1145	1264
2947	1157	1265
2948	1166	1266
2948	1130	1267
2949	1141	1268
2950	1154	1269
2951	1163	1270
2951	1130	1271
2952	1142	1272
2952	1105	1273
2953	1111	1274
2954	1109	1275
2954	1071	1276
2955	1083	1277
2956	1093	1278
2957	1104	1279
2958	1113	1280
2959	1125	1281
2959	1088	1282
2960	1100	1283
2960	1063	1284
2961	1076	1285
2962	1082	1286
2962	1050	1287
2963	1063	1288
2964	1074	1289
2965	1087	1290
2966	1093	1291
2967	1098	1292
2968	1110	1293
2968	1077	1294
2969	1089	1295
2970	1101	1296
2970	1067	1297
2970	1023	1298
2971	1035	1299
2972	1047	1300
2973	1059	1301
2973	1026	1302
2974	1033	1303
2975	1042	1304
2976	1054	1305
2977	1065	1306
2978	1074	1307
2979	1081	1308
2980	1091	1309
2981	1103	1310
2982	1116	1311
2982	1083	1312
2983	1090	1313
2984	1099	1314
2985	1109	1315
2986	1122	1316
2987	1131	1317
2987	1096	1318
2988	1108	1319
2989	1120	1320
2989	1086	1321
2990	1099	1322
2991	1112	1323
2992	1125	1324
2993	1137	1325
2994	1140	1326
2995	1152	1327
2995	1104	1328
2996	1116	1329
2997	1126	1330
2998	1138	1331
2999	1148	1332
3000	1160	1333
3001	1171	1334
3002	1179	1335
3003	1177	1336
3004	1187	1337
3004	1155	1338
3005	1167	1339
3006	1177	1340
3007	1186	1341
3008	1196	1342
3009	1208	1343
3010	1217	1344
3010	1185	1345
3011	1197	1346
3012	1208	1347
3013	1214	1348
3014	1222	1349
3015	1234	1350
3016	1238	1351
3016	1202	1352
3017	1212	1353
3017	1179	1354
3018	1190	1355
3019	1201	1356
3020	1214	1357
3021	1218	1358
3021	1174	1359
3022	1176	1360
3023	1182	1361
3024	1194	1362
3025	1207	1363
3025	1168	1364
3026	1181	1365
3027	1187	1366
3027	1153	1367
3028	1165	1368
3028	1132	1369
3029	1122	1370
3030	1135	1371
3030	1101	1372
3030	1062	1373
3031	1075	1374
3032	1075	1375
3033	1082	1376
3034	1095	1377
3035	1108	1378
3036	1117	1379
3037	1118	1380
3037	1083	1381
3038	1093	1382
3038	1060	1383
3039	1072	1384
3040	1065	1385
3041	1076	1386
3042	1089	1387
3043	1098	1388
3043	1065	1389
3043	1033	1390
3044	1039	1391
3045	1050	1392
3046	1063	1393
3047	1075	1394
3048	1085	1395
3049	1095	1396
3049	1062	1397
3050	1071	1398
3051	1084	1399
3052	1096	1400
3053	1108	1401
3054	1114	1402
3054	1080	1403
3055	1086	1404
3055	1053	1405
3055	1015	1406
3056	1027	1407
3057	1039	1408
3058	1051	1409
3059	1061	1410
3060	1070	1411
3060	1037	1412
3061	1047	1413
3062	1059	1414
3062	1027	1415
3062	994	1416
3063	1003	1417
3064	1015	1418
3064	974	1419
3064	941	1420
3064	909	1421
3064	873	1422
3065	883	1423
3066	889	1424
3067	901	1425
3068	910	1426
3069	921	1427
3070	934	1428
3071	946	1429
3072	959	1430
3073	966	1431
3073	930	1432
3074	934	1433
3074	888	1434
3075	894	1435
3076	890	1436
3077	903	1437
3077	860	1438
3078	869	1439
3079	875	1440
3080	887	1441
3081	893	1442
3082	905	1443
3082	872	1444
3082	839	1445
3082	803	1446
3083	813	1447
3084	825	1448
3085	837	1449
3086	848	1450
3086	810	1451
3087	819	1452
3088	832	1453
3089	839	1454
3090	845	1455
3091	856	1456
3091	823	1457
3091	790	1458
3092	801	1459
3092	768	1460
3093	781	1461
3094	794	1462
3094	761	1463
3095	760	1464
3096	767	1465
3097	773	1466
3098	785	1467
3099	797	1468
3100	808	1469
3101	819	1470
3102	820	1471
3103	832	1472
3104	831	1473
3105	840	1474
3106	844	1475
3106	811	1476
3107	823	1477
3108	836	1478
3109	849	1479
3110	860	1480
3111	870	1481
3112	881	1482
3113	892	1483
3113	859	1484
3114	870	1485
3115	882	1486
3115	849	1487
3116	862	1488
3117	873	1489
3118	877	1490
3119	881	1491
3120	886	1492
3120	851	1493
3121	862	1494
3122	871	1495
3123	884	1496
3123	837	1497
3124	843	1498
3124	810	1499
3125	821	1500
3126	834	1501
3126	800	1502
3127	806	1503
3128	817	1504
3129	829	1505
3130	842	1506
3131	851	1507
3132	860	1508
3133	872	1509
3134	884	1510
3134	849	1511
3135	859	1512
3136	871	1513
3136	838	1514
3137	849	1515
3138	853	1516
3139	865	1517
3140	876	1518
3141	885	1519
3142	886	1520
3143	899	1521
3143	859	1522
3143	824	1523
3144	837	1524
3144	805	1525
3145	815	1526
3146	827	1527
3146	794	1528
3147	806	1529
3148	817	1530
3149	823	1531
3150	835	1532
3151	841	1533
3152	853	1534
3153	851	1535
3154	862	1536
3155	873	1537
3156	885	1538
3156	839	1539
3157	851	1540
3157	815	1541
3158	827	1542
3159	838	1543
3160	850	1544
3161	859	1545
3162	868	1546
3162	830	1547
3163	841	1548
3164	853	1549
3165	865	1550
3165	829	1551
3166	837	1552
3167	848	1553
3168	860	1554
3169	872	1555
3170	881	1556
3171	892	1557
3172	899	1558
3172	867	1559
3173	876	1560
3174	889	1561
3174	856	1562
3175	862	1563
3176	875	1564
3177	888	1565
3178	898	1566
3179	899	1567
3179	866	1568
3180	878	1569
3181	884	1570
3182	890	1571
3183	902	1572
3184	912	1573
3185	925	1574
3186	937	1575
3187	941	1576
3188	953	1577
3188	919	1578
3189	931	1579
3190	941	1580
3190	908	1581
3191	917	1582
3192	926	1583
3193	933	1584
3194	944	1585
3195	952	1586
3196	961	1587
3197	967	1588
3198	978	1589
3199	984	1590
3200	992	1591
3201	1005	1592
3202	1011	1593
3203	1023	1594
3204	1033	1595
3205	1042	1596
3206	1047	1597
3207	1059	1598
3208	1071	1599
3209	1079	1600
3210	1090	1601
3211	1102	1602
3211	1070	1603
3212	1076	1604
3213	1086	1605
3214	1095	1606
3215	1108	1607
3216	1120	1608
3217	1121	1609
3217	1086	1610
3217	1053	1611
3218	1066	1612
3218	1033	1613
3219	1042	1614
3220	1040	1615
3221	1052	1616
3221	1020	1617
3221	984	1618
3222	991	1619
3223	1004	1620
3224	1016	1621
3225	1021	1622
3226	1031	1623
3226	999	1624
3227	1011	1625
3227	979	1626
3227	943	1627
3228	955	1628
3229	953	1629
3230	966	1630
3231	973	1631
3232	985	1632
3233	995	1633
3233	960	1634
3234	967	1635
3235	979	1636
3236	992	1637
3237	1001	1638
3238	1011	1639
3239	1024	1640
3240	1021	1641
3241	1031	1642
3242	1043	1643
3243	1055	1644
3244	1063	1645
3245	1073	1646
3246	1085	1647
3246	1049	1648
3247	1062	1649
3247	1027	1650
3248	1040	1651
3248	1008	1652
3248	974	1653
3249	981	1654
3250	979	1655
3250	946	1656
3251	959	1657
3252	969	1658
3253	982	1659
3254	988	1660
3254	951	1661
3255	963	1662
3256	964	1663
3257	974	1664
3258	984	1665
3259	992	1666
3260	1005	1667
3261	1012	1668
3262	1024	1669
3263	1036	1670
3264	1043	1671
3265	1050	1672
3266	1062	1673
3267	1067	1674
3268	1073	1675
3269	1084	1676
3270	1093	1677
3271	1097	1678
3272	1104	1679
3273	1113	1680
3274	1126	1681
3275	1130	1682
3276	1130	1683
3276	1097	1684
3277	1109	1685
3278	1117	1686
3279	1129	1687
3280	1131	1688
3281	1143	1689
3282	1151	1690
3283	1157	1691
3284	1169	1692
3285	1182	1693
3286	1193	1694
3287	1205	1695
3288	1214	1696
3289	1220	1697
3290	1228	1698
3290	1195	1699
3291	1194	1700
3292	1206	1701
3292	1171	1702
3293	1184	1703
3294	1194	1704
3295	1204	1705
3296	1216	1706
3297	1227	1707
3298	1228	1708
3299	1240	1709
3300	1246	1710
3301	1255	1711
3302	1267	1712
3303	1276	1713
3304	1285	1714
3305	1292	1715
3306	1304	1716
3307	1317	1717
3308	1330	1718
3309	1343	1719
3310	1355	1720
3311	1367	1721
3312	1375	1722
3313	1387	1723
3314	1400	1724
3315	1413	1725
3316	1423	1726
3317	1436	1727
3318	1448	1728
3319	1460	1729
3320	1473	1730
3320	1440	1731
3321	1452	1732
3322	1465	1733
3323	1477	1734
3324	1487	1735
3325	1499	1736
3326	1502	1737
3327	1508	1738
3327	1466	1739
3328	1476	1740
3329	1479	1741
3330	1483	1742
3331	1489	1743
3332	1502	1744
3333	1515	1745
3334	1521	1746
3335	1532	1747
3336	1544	1748
3336	1498	1749
3336	1465	1750
3337	1478	1751
3338	1490	1752
3339	1501	1753
3340	1511	1754
3341	1523	1755
3342	1535	1756
3343	1545	1757
3344	1558	1758
3344	1525	1759
3345	1531	1760
3345	1499	1761
3346	1505	1762
3347	1510	1763
3348	1519	1764
3349	1531	1765
3350	1544	1766
3351	1556	1767
3352	1566	1768
3353	1578	1769
3354	1587	1770
3355	1595	1771
3356	1605	1772
3357	1612	1773
3358	1618	1774
3359	1629	1775
3360	1634	1776
3360	1601	1777
3360	1568	1778
3360	1525	1779
3361	1537	1780
3362	1549	1781
3363	1561	1782
3364	1573	1783
3365	1583	1784
3365	1550	1785
3366	1563	1786
3366	1521	1787
3367	1533	1788
3368	1536	1789
3369	1545	1790
3370	1557	1791
3371	1564	1792
3372	1571	1793
3372	1532	1794
3373	1544	1795
3374	1553	1796
3375	1563	1797
3375	1527	1798
3376	1539	1799
3377	1551	1800
3378	1563	1801
3379	1574	1802
3380	1583	1803
3381	1595	1804
3381	1562	1805
3381	1518	1806
3382	1522	1807
3382	1487	1808
3383	1497	1809
3384	1504	1810
3385	1510	1811
3385	1475	1812
3385	1442	1813
3386	1454	1814
3387	1466	1815
3388	1478	1816
3388	1442	1817
3389	1449	1818
3390	1461	1819
3391	1467	1820
3391	1419	1821
3392	1432	1822
3393	1444	1823
3393	1411	1824
3394	1423	1825
3394	1389	1826
3395	1402	1827
3396	1409	1828
3397	1419	1829
3398	1428	1830
3399	1439	1831
3399	1401	1832
3400	1408	1833
3400	1376	1834
3401	1384	1835
3402	1397	1836
3403	1407	1837
3404	1403	1838
3405	1415	1839
3405	1383	1840
3406	1395	1841
3407	1403	1842
3408	1415	1843
3409	1427	1844
3410	1436	1845
3411	1438	1846
3412	1447	1847
3412	1414	1848
3413	1421	1849
3414	1433	1850
3415	1445	1851
3416	1451	1852
3417	1464	1853
3418	1476	1854
3419	1488	1855
3420	1499	1856
3421	1505	1857
3422	1517	1858
3423	1530	1859
3423	1498	1860
3424	1507	1861
3425	1519	1862
3426	1531	1863
3427	1543	1864
3428	1552	1865
3429	1565	1866
3429	1522	1867
3429	1475	1868
3430	1486	1869
3431	1498	1870
3431	1460	1871
3432	1469	1872
3433	1481	1873
3434	1490	1874
3435	1502	1875
3436	1504	1876
3437	1510	1877
3438	1515	1878
3438	1480	1879
3439	1489	1880
3440	1498	1881
3441	1498	1882
3442	1510	1883
3443	1522	1884
3444	1526	1885
3445	1538	1886
3445	1502	1887
3446	1515	1888
3447	1525	1889
3448	1538	1890
3449	1543	1891
3450	1541	1892
3451	1553	1893
3452	1555	1894
3453	1566	1895
3453	1533	1896
3453	1498	1897
3454	1507	1898
3455	1517	1899
3456	1523	1900
3457	1532	1901
3457	1499	1902
3458	1501	1903
3459	1514	1904
3460	1526	1905
3460	1494	1906
3460	1459	1907
3461	1471	1908
3462	1473	1909
3463	1484	1910
3464	1496	1911
3464	1461	1912
3464	1426	1913
3465	1438	1914
3466	1444	1915
3467	1456	1916
3468	1468	1917
3468	1435	1918
3468	1400	1919
3469	1407	1920
3470	1416	1921
3471	1428	1922
3472	1441	1923
3472	1408	1924
3473	1419	1925
3474	1402	1926
3475	1407	1927
3476	1419	1928
3477	1427	1929
3478	1423	1930
3479	1433	1931
3479	1398	1932
3479	1359	1933
3479	1326	1934
3480	1336	1935
3481	1347	1936
3482	1356	1937
3482	1323	1938
3482	1291	1939
3483	1304	1940
3484	1313	1941
3484	1281	1942
3484	1248	1943
3485	1260	1944
3486	1272	1945
3487	1282	1946
3488	1283	1947
3489	1296	1948
3490	1297	1949
3491	1306	1950
3492	1306	1951
3493	1313	1952
3494	1324	1953
3495	1332	1954
3496	1344	1955
3497	1351	1956
3498	1359	1957
3499	1372	1958
3500	1376	1959
3501	1389	1960
3502	1400	1961
3502	1368	1962
3503	1381	1963
3504	1390	1964
3505	1401	1965
3506	1414	1966
3507	1427	1967
3507	1391	1968
3508	1400	1969
3508	1363	1970
3509	1374	1971
3510	1364	1972
3511	1373	1973
3512	1383	1974
3513	1394	1975
3514	1404	1976
3515	1409	1977
3516	1415	1978
3517	1412	1979
3518	1415	1980
3518	1371	1981
3519	1381	1982
3519	1344	1983
3520	1354	1984
3521	1365	1985
3522	1376	1986
3523	1387	1987
3524	1387	1988
3525	1397	1989
3526	1403	1990
3527	1398	1991
3527	1354	1992
3528	1362	1993
3529	1373	1994
3529	1328	1995
3530	1334	1996
3531	1343	1997
3532	1352	1998
3533	1363	1999
3533	1329	2000
3534	1338	2001
3535	1348	2002
3536	1361	2003
3537	1372	2004
3538	1381	2005
3539	1386	2006
3540	1399	2007
3541	1410	2008
3542	1421	2009
3543	1427	2010
3544	1437	2011
3544	1400	2012
3545	1406	2013
3545	1363	2014
3546	1372	2015
3547	1374	2016
3548	1375	2017
3548	1343	2018
3549	1354	2019
3550	1364	2020
3551	1377	2021
3552	1380	2022
3553	1386	2023
3554	1397	2024
3554	1357	2025
3555	1367	2026
3556	1373	2027
3557	1379	2028
3558	1390	2029
3559	1403	2030
3560	1409	2031
3561	1410	2032
3562	1423	2033
3563	1436	2034
3564	1442	2035
3565	1453	2036
3566	1464	2037
3567	1469	2038
3568	1475	2039
3569	1481	2040
3570	1489	2041
3571	1502	2042
3572	1507	2043
3573	1518	2044
3574	1528	2045
3575	1537	2046
3576	1540	2047
3577	1553	2048
3577	1518	2049
3578	1528	2050
3579	1539	2051
3580	1537	2052
3581	1548	2053
3582	1554	2054
3583	1560	2055
3584	1571	2056
3585	1582	2057
3586	1593	2058
3587	1596	2059
3588	1607	2060
3589	1620	2061
3590	1628	2062
3591	1634	2063
3592	1637	2064
3593	1648	2065
3594	1659	2066
3595	1668	2067
3596	1679	2068
3596	1645	2069
3596	1609	2070
3596	1562	2071
3597	1570	2072
3598	1579	2073
3599	1585	2074
3600	1591	2075
3601	1599	2076
3602	1612	2077
3603	1622	2078
3604	1633	2079
3605	1644	2080
3606	1655	2081
3607	1666	2082
3607	1632	2083
3608	1640	2084
3609	1651	2085
3610	1657	2086
3611	1668	2087
3612	1679	2088
3613	1627	2110
3613	1591	2111
3613	1552	2112
3614	1552	2113
3615	1563	2114
3616	1560	2115
3617	1571	2116
3617	1529	2117
3618	1534	2118
3618	1499	2119
3619	1508	2120
3620	1511	2121
3620	1475	2122
3621	1488	2123
3622	1494	2124
3623	1506	2125
3624	1500	2126
3625	1511	2127
3626	1517	2128
3627	1530	2129
3628	1543	2130
3629	1556	2131
3630	1562	2132
3631	1568	2133
3632	1563	2134
3633	1576	2135
3634	1574	2136
3635	1583	2137
3635	1544	2138
3636	1553	2139
3636	1518	2140
3637	1531	2141
3638	1544	2142
3639	1553	2143
3639	1516	2144
3639	1482	2145
3640	1492	2146
3641	1502	2147
3641	1455	2148
3641	1419	2149
3642	1429	2150
3643	1437	2151
3644	1443	2152
3645	1441	2153
3646	1454	2154
3647	1465	2155
3648	1478	2156
3649	1487	2157
3649	1448	2158
3650	1458	2159
3651	1471	2160
3651	1437	2161
3652	1443	2162
3653	1456	2163
3654	1467	2164
3655	1477	2165
3655	1442	2166
3656	1448	2167
3657	1451	2168
3658	1462	2169
3658	1418	2170
3659	1427	2171
3660	1436	2172
3661	1445	2173
3662	1455	2174
3663	1461	2175
3664	1472	2176
3665	1482	2177
3666	1493	2178
3667	1506	2179
3668	1508	2180
3668	1472	2181
3668	1438	2182
3668	1404	2183
3668	1369	2184
3669	1377	2185
3670	1388	2186
3671	1399	2187
3672	1383	2188
3673	1393	2189
3673	1359	2190
3674	1370	2191
3675	1367	2192
3676	1378	2193
3677	1391	2194
3678	1402	2195
3679	1408	2196
3680	1421	2197
3681	1432	2198
3682	1443	2199
3683	1454	2200
3684	1467	2201
3685	1476	2202
3686	1479	2203
3687	1490	2204
3688	1496	2205
3689	1507	2206
3690	1517	2207
3691	1528	2208
3692	1539	2209
3693	1548	2210
3693	1512	2211
3694	1523	2212
3694	1487	2213
3695	1500	2214
3696	1512	2215
3697	1522	2216
3698	1531	2217
3699	1540	2218
3699	1504	2219
3700	1507	2220
3701	1504	2221
3702	1504	2222
3703	1517	2223
3704	1527	2224
3705	1538	2225
3706	1547	2226
3707	1558	2227
3708	1569	2228
3709	1582	2229
3710	1587	2230
3711	1595	2231
3712	1598	2232
3713	1607	2233
3714	1615	2234
3715	1626	2235
3716	1637	2236
3717	1640	2237
3717	1604	2238
3717	1572	2239
3718	1581	2240
3718	1547	2241
3718	1513	2242
3719	1505	2243
3719	1470	2244
3720	1465	2245
3720	1431	2246
3721	1437	2247
3722	1450	2248
3722	1415	2249
3723	1417	2250
3724	1426	2251
3725	1439	2252
3726	1431	2253
3726	1392	2254
3727	1398	2255
3727	1362	2256
3727	1323	2257
3728	1333	2258
3729	1344	2259
3729	1310	2260
3730	1318	2261
3731	1331	2262
3732	1344	2263
3733	1353	2264
3734	1366	2265
3735	1377	2266
3736	1372	2267
3737	1383	2268
3738	1396	2269
3739	1406	2270
3740	1416	2271
3741	1427	2272
3742	1430	2273
3742	1398	2274
3743	1399	2275
3744	1405	2276
3745	1418	2277
3746	1429	2278
3747	1440	2279
3747	1404	2280
3748	1413	2281
3748	1381	2282
3749	1387	2283
3750	1395	2284
3751	1401	2285
3752	1412	2286
3753	1425	2287
3754	1434	2288
3755	1442	2289
3756	1453	2290
3757	1462	2291
3757	1426	2292
3758	1437	2293
3759	1448	2294
3759	1406	2295
3760	1416	2296
3761	1427	2297
3762	1440	2298
3763	1450	2299
3764	1463	2300
3765	1469	2301
3766	1477	2302
3767	1488	2303
3768	1499	2304
3769	1508	2305
3770	1519	2306
3771	1530	2307
3772	1528	2308
3773	1541	2309
3773	1507	2310
3774	1513	2311
3774	1479	2312
3775	1488	2313
3776	1501	2314
3777	1513	2315
3778	1519	2316
3779	1525	2317
3779	1493	2318
3779	1458	2319
3780	1469	2320
3781	1480	2321
3782	1491	2322
3783	1500	2323
3784	1511	2324
3785	1522	2325
3786	1533	2326
3787	1544	2327
3788	1550	2328
3789	1559	2329
3790	1570	2330
3791	1583	2331
3792	1593	2332
3793	1606	2333
3794	1609	2334
3795	1607	2335
3796	1613	2336
3797	1623	2337
3798	1634	2338
3799	1626	2339
3800	1631	2340
3801	1642	2341
3801	1599	2342
3801	1563	2343
3802	1561	2344
3803	1556	2345
3804	1562	2346
3805	1571	2347
3806	1582	2348
3807	1593	2349
3808	1606	2350
3809	1619	2351
3810	1625	2352
3811	1635	2353
3812	1646	2354
3813	1657	2355
3814	1649	2356
3815	1659	2357
3816	1668	2358
3817	1669	2359
3818	1677	2360
3819	1690	2361
3820	1698	2362
3821	1711	2363
3821	1677	2364
3822	1683	2365
3823	1692	2366
3824	1701	2367
3825	1710	2368
3826	1705	2369
3827	1706	2370
3828	1703	2371
3829	1703	2372
3829	1667	2373
3830	1677	2374
3831	1688	2375
3832	1699	2376
3833	1694	2377
3834	1703	2378
3835	1713	2379
3836	1724	2380
3837	1730	2381
3837	1694	2382
3838	1704	2383
3839	1715	2384
3840	1718	2385
3841	1708	2386
3842	1721	2387
3843	1734	2388
3844	1743	2389
3845	1749	2390
3846	1762	2391
3847	1775	2392
3848	1784	2393
3849	1795	2394
3850	1805	2395
3851	1813	2396
3852	1826	2397
3853	1835	2398
3854	1844	2399
3855	1842	2400
3856	1850	2401
3857	1855	2402
3858	1868	2403
3859	1874	2404
3860	1874	2405
3861	1882	2406
3862	1882	2407
3863	1890	2408
3864	1903	2409
3865	1906	2410
3866	1908	2411
3867	1921	2412
3868	1924	2413
3869	1934	2414
3870	1929	2415
3871	1942	2416
3872	1953	2417
3873	1945	2418
3874	1947	2419
3875	1953	2420
3876	1964	2421
3877	1973	2422
3878	1974	2423
3878	1931	2424
3879	1942	2425
3880	1939	2426
3881	1950	2427
3882	1961	2428
3883	1971	2429
3884	1981	2430
3884	1947	2431
3884	1911	2432
3884	1875	2433
3885	1888	2434
3886	1894	2435
3886	1862	2436
3887	1875	2437
3888	1875	2438
3889	1881	2439
3889	1842	2440
3890	1855	2441
3890	1823	2442
3890	1789	2443
3891	1799	2444
3892	1805	2445
3893	1818	2446
3893	1782	2447
3894	1790	2448
3895	1803	2449
3896	1814	2450
3897	1796	2451
3897	1764	2452
3898	1775	2453
3899	1786	2454
3900	1780	2455
3901	1790	2456
3902	1799	2457
3903	1810	2458
3904	1813	2459
3905	1822	2460
3906	1835	2461
3907	1846	2462
3908	1856	2463
3909	1867	2464
3910	1880	2465
3911	1886	2466
3912	1883	2467
3913	1886	2468
3913	1831	2469
3914	1842	2470
3915	1848	2471
3915	1812	2472
3916	1823	2473
3917	1834	2474
3918	1845	2475
3919	1854	2476
3919	1819	2477
3920	1820	2478
3921	1831	2479
3922	1844	2480
3923	1854	2481
3924	1865	2482
3925	1876	2483
3926	1873	2484
3927	1879	2485
3927	1843	2486
3928	1852	2487
3929	1860	2488
3930	1868	2489
3931	1874	2490
3932	1880	2491
3933	1890	2492
3934	1901	2493
3935	1912	2494
3936	1923	2495
3937	1934	2496
3938	1945	2497
3939	1948	2498
3940	1959	2499
3941	1962	2500
3942	1965	2501
3943	1976	2502
3944	1979	2503
3944	1942	2504
3945	1950	2505
3946	1959	2506
3948	1925	2507
3949	1913	2508
3950	1923	2509
3951	1924	2510
3951	1877	2511
3952	1887	2512
3953	1897	2513
3954	1907	2514
3955	1912	2515
3956	1884	2516
3957	1888	2517
3958	1879	2518
3958	1841	2519
3959	1850	2520
3960	1818	2521
3961	1819	2522
3962	1821	2523
3963	1822	2524
3964	1831	2525
3965	1840	2526
3966	1841	2527
3966	1781	2528
3967	1779	2529
3968	1788	2530
3968	1753	2531
3969	1758	2532
3970	1749	2533
3971	1757	2534
3972	1769	2535
3973	1775	2536
3973	1728	2537
3974	1736	2538
3975	1741	2539
3976	1753	2540
3977	1765	2541
3978	1766	2542
3979	1754	2543
3980	1764	2544
3981	1755	2545
3982	1738	2546
3983	1729	2547
3984	1734	2548
3985	1738	2549
3986	1748	2550
3987	1758	2551
3988	1766	2552
3988	1730	2553
3989	1736	2554
3990	1733	2555
3991	1735	2556
3992	1724	2557
3993	1729	2558
3994	1739	2559
3995	1738	2560
3996	1745	2561
3997	1757	2562
3998	1766	2563
3998	1729	2564
3999	1739	2565
4000	1749	2566
4000	1759	2567
4001	1764	2568
4002	1754	2569
4003	1766	2570
4004	1770	2571
4005	1780	2572
4006	1786	2573
4006	1746	2574
4007	1756	2575
4008	1766	2576
4009	1775	2577
4010	1787	2578
4011	1799	2579
4011	1763	2580
4012	1768	2581
4013	1780	2582
4014	1782	2583
4015	1791	2584
4016	1798	2585
4016	1755	2586
4017	1749	2587
4018	1761	2588
4019	1771	2589
4020	1780	2590
4021	1787	2591
4022	1797	2592
4023	1795	2593
4024	1807	2594
4025	1794	2595
4026	1782	2596
4027	1784	2597
4028	1791	2598
4029	1803	2599
4030	1810	2600
4031	1812	2601
4032	1822	2602
4033	1821	2603
4034	1833	2604
4035	1838	2605
4035	1794	2606
4036	1801	2607
4037	1811	2608
4037	1772	2609
4038	1782	2610
4039	1787	2611
4040	1796	2612
4041	1795	2613
4042	1802	2614
4043	1809	2615
4044	1814	2616
4045	1826	2617
4046	1809	2618
4047	1816	2619
4048	1791	2620
4049	1803	2621
4050	1810	2622
4051	1801	2623
4052	1805	2624
4053	1814	2625
4054	1823	2626
4055	1832	2627
4056	1844	2628
4057	1845	2629
4058	1846	2630
4059	1842	2631
4060	1849	2632
4061	1858	2633
4062	1870	2634
4063	1877	2635
4064	1874	2636
4065	1881	2637
4066	1890	2638
4067	1889	2639
4068	1898	2640
4069	1894	2641
4070	1904	2642
4071	1908	2643
4073	1886	2644
4073	1842	2645
4074	1843	2646
4075	1853	2647
4076	1863	2648
4077	1862	2649
4078	1868	2650
4079	1872	2651
4080	1876	2652
4080	1822	2653
4081	1830	2654
4082	1834	2655
4083	1811	2656
4084	1818	2657
4085	1817	2658
4086	1813	2659
4087	1816	2660
4088	1827	2661
4089	1837	2662
4090	1838	2663
4091	1845	2664
4092	1853	2665
4093	1862	2666
4094	1860	2667
4095	1858	2668
4096	1863	2669
4097	1867	2670
4098	1869	2671
4099	1877	2672
4100	1883	2673
4101	1890	2674
4102	1890	2675
4102	1856	2676
4103	1849	2677
4104	1836	2678
4105	1840	2679
4106	1843	2680
4107	1841	2681
4107	1796	2682
4108	1798	2683
4108	1756	2684
4109	1752	2685
4110	1753	2686
4111	1760	2687
4112	1764	2688
4113	1773	2689
4114	1784	2690
4115	1786	2691
4116	1785	2692
4117	1775	2693
4118	1771	2694
4119	1775	2695
4120	1761	2696
4121	1770	2697
4122	1768	2698
4123	1776	2699
4124	1777	2700
4125	1785	2701
4126	1793	2702
4126	1740	2703
4127	1745	2704
4127	1709	2705
4128	1711	2706
4129	1697	2707
4130	1690	2708
4131	1669	2709
4132	1678	2710
4133	1683	2711
4134	1689	2712
4135	1676	2713
4136	1669	2714
4136	1633	2715
4136	1587	2716
4137	1591	2717
4138	1602	2718
4138	1557	2719
4139	1550	2720
4140	1524	2721
4141	1530	2722
4142	1528	2723
4143	1518	2724
4145	1475	2725
4146	1487	2726
4147	1483	2727
4148	1493	2728
4149	1492	2729
4150	1502	2730
4151	1509	2731
4152	1510	2732
4153	1522	2733
4154	1499	2734
4155	1500	2735
4156	1496	2736
4157	1503	2737
4158	1504	2738
4159	1492	2739
4160	1502	2740
4161	1509	2741
4162	1510	2742
4163	1514	2743
4164	1496	2744
4165	1495	2745
4166	1499	2746
4167	1495	2747
4168	1507	2748
4169	1503	2749
4170	1496	2750
4171	1503	2751
4172	1507	2752
4173	1498	2753
4174	1508	2754
4175	1494	2755
4176	1502	2756
4177	1510	2757
4178	1511	2758
4179	1521	2759
4180	1531	2760
4181	1538	2761
4182	1545	2762
4183	1549	2763
4184	1557	2764
4185	1564	2765
4186	1558	2766
4187	1535	2767
4188	1542	2768
4189	1546	2769
4190	1542	2770
4191	1533	2771
4192	1545	2772
4193	1530	2773
4194	1538	2774
4195	1542	2775
4196	1528	2776
4197	1538	2777
4198	1542	2778
4199	1552	2779
4200	1556	2780
4201	1567	2781
4202	1557	2782
4203	1563	2783
4204	1565	2784
4205	1574	2785
4206	1577	2786
4207	1566	2787
4208	1554	2788
4209	1561	2789
4210	1562	2790
4211	1561	2791
4211	1521	2792
4212	1522	2793
4213	1523	2794
4214	1529	2795
4215	1525	2796
4216	1533	2797
4217	1543	2798
4218	1552	2799
4219	1561	2800
4220	1569	2801
4220	1534	2802
4221	1543	2803
4222	1504	2804
4223	1499	2805
4224	1505	2806
4225	1506	2807
4226	1504	2808
4227	1452	2809
4228	1456	2810
4229	1454	2811
4230	1465	2812
4231	1451	2813
4232	1459	2814
4233	1461	2815
4234	1454	2816
4235	1463	2817
4236	1461	2818
4237	1470	2819
4238	1467	2820
4239	1452	2821
4240	1455	2822
4241	1459	2823
4242	1463	2824
4243	1466	2825
4244	1462	2826
4245	1461	2827
4246	1468	2828
4247	1464	2829
4248	1467	2830
4249	1469	2831
4250	1475	2832
4251	1478	2833
4252	1482	2834
4253	1484	2835
4254	1458	2836
4255	1469	2837
4256	1473	2838
4257	1480	2839
4258	1476	2840
4259	1479	2841
4260	1483	2842
4261	1490	2843
4262	1476	2844
4263	1483	2845
4264	1489	2846
4265	1496	2847
4265	1455	2848
4266	1464	2849
4267	1465	2850
4267	1424	2851
4267	1385	2852
4268	1387	2853
4269	1389	2854
4270	1393	2855
4271	1399	2856
4272	1386	2857
4273	1379	2858
4274	1389	2859
4274	1351	2860
4275	1358	2861
4276	1351	2862
4277	1342	2863
4278	1343	2864
4278	1300	2865
4279	1293	2866
4280	1293	2867
4281	1281	2868
4282	1283	2869
4283	1289	2870
4283	1250	2871
4284	1253	2872
4285	1226	2873
4286	1227	2874
4287	1217	2875
4288	1221	2876
4289	1223	2877
4290	1232	2878
4291	1240	2879
4292	1247	2880
4293	1254	2881
4294	1251	2882
4295	1257	2883
4296	1261	2884
4297	1257	2885
4298	1260	2886
4299	1262	2887
4300	1271	2888
4301	1282	2889
4302	1272	2890
4302	1236	2891
4303	1247	2892
4304	1243	2893
4305	1248	2894
4306	1258	2895
4306	1217	2896
4307	1217	2897
4308	1226	2898
4309	1227	2899
4309	1187	2900
4310	1196	2901
4311	1181	2902
4312	1177	2903
4313	1171	2904
4314	1154	2905
4315	1158	2906
4316	1162	2907
4317	1165	2908
4318	1159	2909
4319	1159	2910
4320	1126	2911
4321	1126	2912
4322	1125	2913
4323	1131	2914
4324	1130	2915
4325	1130	2916
4326	1136	2917
4327	1141	2918
4328	1144	2919
4329	1143	2920
4330	1096	2921
4331	1103	2922
4332	1112	2923
4333	1122	2924
4334	1094	2925
4335	1094	2926
4336	1077	2927
4337	1081	2928
4338	1075	2929
4339	1063	2930
4340	1070	2931
4341	1068	2932
4342	1071	2933
4343	1044	2934
4344	1054	2935
4345	1056	2936
4345	1012	2937
4345	971	2938
4346	969	2939
4347	948	2940
4348	957	2941
4348	903	2942
4349	904	2943
4350	883	2944
4351	889	2945
4352	892	2946
4353	903	2947
4354	909	2948
4355	913	2949
4356	914	2950
4357	924	2951
4358	925	2952
4359	872	2953
4360	865	2954
4361	871	2955
4361	832	2956
4362	833	2957
4363	842	2958
4364	846	2959
4365	840	2960
4366	846	2961
4367	856	2962
4368	863	2963
4369	849	2964
4370	842	2965
4371	847	2966
4372	858	2967
4373	859	2968
4373	815	2969
4374	823	2970
4375	823	2971
4376	832	2972
4376	788	2973
4376	752	2974
4377	751	2975
4378	754	2976
4379	748	2977
4380	754	2978
4381	760	2979
4382	769	2980
4383	746	2981
4384	756	2982
4385	762	2983
4386	770	2984
4387	764	2985
4388	764	2986
4389	764	2987
4390	760	2988
4391	765	2989
4391	710	2990
4392	715	2991
4393	717	2992
4394	726	2993
4395	732	2994
4396	731	2995
4397	742	2996
4398	748	2997
4399	753	2998
4400	745	2999
4401	745	3000
4402	753	3001
4403	757	3002
4404	761	3003
4405	762	3004
4406	758	3005
4407	765	3006
4407	729	3007
4407	682	3008
4408	684	3009
4409	691	3010
4410	700	3011
4411	698	3012
4412	683	3013
4413	682	3014
4414	689	3015
4415	698	3016
4416	707	3017
4416	661	3018
4417	659	3019
4418	653	3020
4419	630	3021
4420	634	3022
4421	644	3023
4422	638	3024
4423	641	3025
4423	602	3026
4424	596	3027
4425	600	3028
4426	610	3029
4427	620	3030
4428	624	3031
4429	623	3032
4430	603	3033
4431	610	3034
4432	611	3035
4433	610	3036
4434	604	3037
4435	605	3038
4435	567	3039
4436	566	3040
4437	570	3041
4438	578	3042
4439	577	3043
4440	570	3044
4441	577	3045
4442	581	3046
4443	593	3047
4444	605	3048
4445	615	3049
4445	580	3050
4446	590	3051
4447	597	3052
4448	588	3053
4448	550	3054
4449	552	3055
4450	556	3056
4451	553	3057
4452	560	3058
4453	564	3059
4454	576	3060
4455	569	3061
4456	570	3062
4457	577	3063
4458	584	3064
4459	596	3065
4460	603	3066
4461	602	3067
4462	609	3068
4463	608	3069
4464	615	3070
4464	569	3071
4465	574	3072
4466	578	3073
4467	585	3074
4468	590	3075
4469	600	3076
4471	589	3077
4472	596	3078
4472	540	3079
4473	533	3080
4473	486	3081
4474	492	3082
4475	501	3083
4476	510	3084
4477	516	3085
4478	525	3086
4479	534	3087
4480	544	3088
4481	544	3089
4482	555	3090
4482	521	3091
4483	522	3092
4484	505	3093
4485	509	3094
4486	516	3095
4487	509	3096
4488	510	3097
4489	504	3098
4489	468	3099
4490	465	3100
4491	447	3101
4492	382	3102
4493	388	3103
4494	382	3104
4495	372	3105
4496	378	3106
4497	387	3107
4498	374	3108
4499	361	3109
4500	357	3110
4501	358	3111
4502	350	3112
4503	339	3113
4504	348	3114
4505	351	3115
4506	362	3116
4507	362	3117
4508	371	3118
4509	363	3119
4510	369	3120
4511	370	3121
4512	377	3122
4513	362	3123
4514	344	3124
4515	350	3125
4515	314	3126
4516	280	3127
4517	265	3128
4518	272	3129
4519	281	3130
4520	286	3131
4521	244	3132
4522	241	3133
4523	245	3134
4524	255	3135
4525	241	3136
4526	251	3137
4526	213	3138
4527	215	3139
4528	224	3140
4528	183	3141
4529	187	3142
4530	189	3143
4531	190	3144
4532	197	3145
4533	198	3146
4534	202	3147
4535	196	3148
